1 2090 3905 2121 0 0
2 705 999 708 0 0
3 425 0 427 0 0
4 266 105 268 0 0
5 176 1000 177 0 0
6 132 1000 133 0 0
7 106 1016 106 0 0
8 103 1007 104 0 0
9 78 1007 79 0 0
10 73 994 74 0 0
11 71 983 73 0 0
12 69 1000 70 0 0
13 69 1002 70 0 0
14 64 1001 65 0 0
15 62 1001 63 0 0
16 64 1000 65 0 0
17 65 1000 66 0 0
18 61 1018 62 0 0
19 78 1007 79 0 0
20 67 999 67 0 0
21 63 989 64 0 0
22 65 983 66 0 0
23 64 1000 64 0 0
24 59 1000 60 0 0
25 64 1001 65 0 0
26 62 1001 63 0 0
27 59 1000 59 0 0
28 63 1001 64 0 0
29 62 1001 63 0 0
30 60 1000 61 0 0
31 61 1000 62 0 0
32 61 1000 62 0 0
33 64 1001 65 0 0
34 59 1000 60 0 0
35 57 1000 58 0 0
36 60 1000 61 0 0
37 60 1016 61 0 0
38 70 1007 71 0 0
39 58 998 59 0 0
40 60 1016 61 0 0
41 59 991 59 0 0
42 57 998 58 0 0
43 58 1000 59 0 0
44 57 1001 58 0 0
45 55 1000 56 0 0
46 55 1000 56 0 0
47 56 1000 57 0 0
48 56 1000 57 0 0
49 56 1001 56 0 0
50 57 1007 58 0 0
51 57 975 58 0 0
52 55 998 55 0 0
53 58 1003 59 0 0
54 56 976 57 0 0
55 58 1002 58 0 0
56 56 1000 56 0 0
57 57 1000 58 0 0
58 57 1000 58 0 0
59 56 1000 57 0 0
60 57 1000 57 0 0
61 55 1001 56 0 0
62 56 1001 57 0 0
63 54 1000 54 0 0
64 55 1001 56 0 0
65 54 1000 55 0 0
66 56 1000 57 0 0
67 56 1000 57 0 0
68 56 1000 57 0 0
69 56 1000 57 0 0
70 53 1000 54 0 0
71 57 1000 58 0 0
72 57 1000 57 0 0
73 56 1001 56 0 0
74 56 1000 56 0 0
75 53 1001 54 0 0
76 56 1001 57 0 0
77 56 1000 57 0 0
78 54 1001 54 0 0
79 56 1001 56 0 0
80 55 1001 56 0 0
81 56 1002 57 0 0
82 54 1001 55 0 0
83 55 1001 56 0 0
84 56 1001 57 0 0
85 55 1000 55 0 0
86 55 1001 56 0 0
87 53 1001 54 0 0
88 56 1001 57 0 0
89 56 1001 57 0 0
90 53 1001 54 0 0
91 56 1001 56 0 0
92 57 1001 58 0 0
93 54 1001 55 0 0
94 56 1001 57 0 0
95 56 1001 57 0 0
96 54 1000 54 0 0
97 55 1001 56 0 0
98 56 1001 57 0 0
99 55 1000 56 0 0
100 55 1001 56 0 0
101 56 999 57 0 0
102 55 1001 56 0 0
103 56 1001 57 0 0
104 55 1001 56 0 0
105 54 1000 55 0 0
106 53 1000 54 0 0
107 55 1001 56 0 0
108 54 1000 55 0 0
109 55 1001 56 0 0
110 53 1001 54 0 0
111 55 1001 56 0 0
112 53 1001 54 0 0
113 55 1001 56 0 0
114 55 1001 56 0 0
115 54 1000 54 0 0
116 55 1001 56 0 0
117 54 1001 55 0 0
118 54 1001 55 0 0
119 53 1001 54 0 0
120 54 1001 55 0 0
121 52 1000 53 0 0
122 54 1000 55 0 0
123 55 1001 56 0 0
124 54 1001 55 0 0
125 55 1000 56 0 0
126 53 1001 53 0 0
127 55 1001 56 0 0
128 55 1001 55 0 0
129 53 1001 53 0 0
130 56 1001 56 0 0
131 56 1000 56 0 0
132 52 1000 53 0 0
133 54 1000 55 0 0
134 46 1001 47 0 0
135 45 1000 46 0 0
136 43 1001 44 0 0
137 38 1001 39 0 0
138 41 1000 42 0 0
139 38 1000 39 0 0
140 37 1000 37 0 0
141 38 1001 39 0 0
142 38 1001 39 0 0
143 38 1001 39 0 0
144 38 1001 39 0 0
145 37 1001 37 0 0
146 38 999 38 0 0
147 39 1001 40 0 0
148 35 1001 36 0 0
149 38 1000 39 0 0
150 40 1000 41 0 0
151 39 1001 40 0 0
152 39 1001 39 0 0
153 38 1001 39 0 0
154 37 1001 38 0 0
155 38 1001 39 0 0
156 38 1001 39 0 0
157 38 1001 38 0 0
158 39 1001 40 0 0
159 37 1001 37 0 0
160 37 1001 38 0 0
161 40 1001 40 0 0
162 38 1001 39 0 0
163 40 1001 41 0 0
164 39 1001 40 0 0
165 38 1001 39 0 0
166 38 1001 39 0 0
167 44 1000 45 0 0
168 45 1000 46 0 0
169 32 1000 33 0 0
170 37 1001 38 0 0
171 39 1000 40 0 0
172 39 1000 40 0 0
173 38 1001 39 0 0
174 38 1000 39 0 0
175 43 1001 44 0 0
176 39 1001 39 0 0
177 41 1000 42 0 0
178 43 1001 44 0 0
179 44 1000 45 0 0
180 44 1001 45 0 0
181 43 1001 44 0 0
182 43 1001 43 0 0
183 44 1001 45 0 0
184 44 1001 45 0 0
185 45 1001 45 0 0
186 48 1001 49 0 0
187 48 1001 49 0 0
188 50 1001 51 0 0
189 51 1000 52 0 0
190 52 1004 53 0 0
191 47 991 47 0 0
192 52 1007 52 0 0
193 55 1005 55 0 0
194 51 1000 52 0 0
195 54 1001 54 0 0
196 58 999 58 0 0
197 54 1000 55 0 0
198 56 1001 57 0 0
199 50 992 50 0 0
200 58 1000 59 0 0
201 51 1001 52 0 0
202 50 1000 51 0 0
203 57 1004 57 0 0
204 55 1001 56 0 0
205 53 1007 54 0 0
206 58 1005 58 0 0
207 55 996 56 0 0
208 52 1002 53 0 0
209 60 999 61 0 0
210 56 1008 57 0 0
211 58 1006 58 0 0
212 51 991 52 0 0
213 53 1003 53 0 0
214 59 1003 60 0 0
215 57 1000 58 0 0
216 54 1004 55 0 0
217 51 991 52 0 0
218 58 1007 59 0 0
219 57 1005 58 0 0
220 54 1001 55 0 0
221 56 1000 57 0 0
222 59 999 60 0 0
223 54 1008 55 0 0
224 59 1005 60 0 0
225 51 992 52 0 0
226 58 1003 59 0 0
227 57 1003 58 0 0
228 54 1000 56 0 0
229 56 1004 56 0 0
230 56 1001 57 0 0
231 59 1007 59 0 0
232 57 1005 58 0 0
233 56 1000 57 0 0
234 56 1001 57 0 0
235 58 999 59 0 0
236 59 1000 60 0 0
237 59 1001 59 0 0
238 51 990 52 0 0
239 55 1001 56 0 0
240 56 1000 57 0 0
241 56 1000 57 0 0
242 57 1003 57 0 0
243 58 1000 59 0 0
244 57 1000 58 0 0
245 56 1001 57 0 0
246 59 1000 60 0 0
247 56 1000 57 0 0
248 59 1001 60 0 0
249 57 1000 58 0 0
250 60 1000 61 0 0
251 59 1001 60 0 0
252 61 1001 62 0 0
253 62 1000 63 0 0
254 61 1001 62 0 0
255 62 1001 63 0 0
256 59 1001 60 0 0
257 62 1001 63 0 0
258 63 1001 63 0 0
259 60 1001 61 0 0
260 61 1001 61 0 0
261 61 1001 61 0 0
262 60 1001 61 0 0
263 60 1000 61 0 0
264 61 1001 61 0 0
265 59 1001 60 0 0
266 61 1001 62 0 0
267 60 1001 61 0 0
268 61 1001 62 0 0
269 61 1001 61 0 0
270 61 1000 62 0 0
271 60 1000 61 0 0
272 61 1000 62 0 0
273 59 1001 60 0 0
274 61 1000 62 0 0
275 63 1000 64 0 0
276 60 1000 61 0 0
277 62 1000 62 0 0
278 58 1000 59 0 0
279 62 1001 63 0 0
280 62 1001 63 0 0
281 61 1001 61 0 0
282 59 1001 60 0 0
283 62 1001 63 0 0
284 60 1001 61 0 0
285 61 1001 62 0 0
286 58 1001 59 0 0
287 61 1001 62 0 0
288 59 1001 60 0 0
289 61 1000 62 0 0
290 62 1000 63 0 0
291 61 1001 62 0 0
292 61 1001 62 0 0
293 61 1001 62 0 0
294 61 1000 61 0 0
295 61 1001 62 0 0
296 59 1000 59 0 0
297 61 1001 62 0 0
298 62 1001 62 0 0
299 61 1000 62 0 0
300 61 1001 62 0 0
301 58 1000 59 0 0
302 61 1001 62 0 0
303 62 1001 63 0 0
304 60 1001 61 0 0
305 62 1001 63 0 0
306 60 1000 61 0 0
307 62 1000 62 0 0
308 63 1001 64 0 0
309 60 1000 60 0 0
310 62 1001 63 0 0
311 62 1001 63 0 0
312 62 1001 63 0 0
313 61 1000 62 0 0
314 62 1001 62 0 0
315 62 1001 62 0 0
316 61 1001 62 0 0
317 62 1001 63 0 0
318 59 1001 60 0 0
319 61 1001 62 0 0
320 63 1001 64 0 0
321 60 1000 61 0 0
322 62 1001 63 0 0
323 63 1001 63 0 0
324 62 1000 63 0 0
325 63 1001 64 0 0
326 61 1001 62 0 0
327 63 1001 64 0 0
328 61 1001 61 0 0
329 64 1001 65 0 0
330 64 1001 65 0 0
331 61 1001 62 0 0
332 62 1001 63 0 0
333 61 1000 62 0 0
334 62 1001 62 0 0
335 59 1002 60 0 0
336 61 1001 62 0 0
337 63 1001 64 0 0
338 60 1001 61 0 0
339 63 1001 64 0 0
340 63 1000 64 0 0
341 62 1000 63 0 0
342 63 1000 63 0 0
343 66 1001 67 0 0
344 71 1001 72 0 0
345 73 1000 74 0 0
346 77 1000 78 0 0
347 76 1001 77 0 0
348 77 1001 78 0 0
349 81 1000 82 0 0
350 76 1001 77 0 0
351 76 1000 76 0 0
352 78 1001 79 0 0
353 78 1001 79 0 0
354 79 1001 80 0 0
355 77 1001 77 0 0
356 81 1000 82 0 0
357 77 1001 78 0 0
358 78 1001 78 0 0
359 79 1001 80 0 0
360 79 1001 80 0 0
361 80 1000 81 0 0
362 78 1001 79 0 0
363 76 1001 77 0 0
364 79 1001 80 0 0
365 78 1001 79 0 0
366 79 1001 80 0 0
367 77 1001 78 0 0
368 80 1001 81 0 0
369 76 1001 77 0 0
370 76 1001 77 0 0
371 79 1000 79 0 0
372 76 1001 77 0 0
373 76 1000 76 0 0
374 78 1000 79 0 0
375 76 1000 77 0 0
376 73 1001 74 0 0
377 74 1001 75 0 0
378 79 1001 80 0 0
379 80 1001 81 0 0
380 75 1001 76 0 0
381 76 1000 77 0 0
382 80 1000 81 0 0
383 76 1001 77 0 0
384 75 1001 76 0 0
385 76 1001 77 0 0
386 72 1001 73 0 0
387 71 1001 71 0 0
388 73 1001 74 0 0
389 72 1001 73 0 0
390 73 1001 74 0 0
391 71 1001 72 0 0
392 69 1001 70 0 0
393 69 1001 70 0 0
394 69 1002 69 0 0
395 67 1001 68 0 0
396 67 1001 68 0 0
397 67 1001 68 0 0
398 64 1000 65 0 0
399 64 1001 65 0 0
400 64 1001 65 0 0
401 63 1001 64 0 0
402 60 1001 61 0 0
403 63 1001 63 0 0
404 63 1001 64 0 0
405 61 1001 62 0 0
406 62 1001 63 0 0
407 62 1001 63 0 0
408 63 1000 64 0 0
409 64 1000 65 0 0
410 65 1000 66 0 0
411 61 1001 62 0 0
412 64 1000 64 0 0
413 61 1000 62 0 0
414 57 1001 58 0 0
415 64 1000 65 0 0
416 62 1000 63 0 0
417 62 1001 63 0 0
418 63 1001 64 0 0
419 64 1001 65 0 0
420 62 1001 63 0 0
421 64 1001 65 0 0
422 60 1000 61 0 0
423 58 1000 59 0 0
424 63 1000 64 0 0
425 60 1001 61 0 0
426 62 1001 62 0 0
427 63 1001 64 0 0
428 62 1001 63 0 0
429 61 1000 62 0 0
430 63 1000 64 0 0
431 60 1001 61 0 0
432 58 1001 58 0 0
433 63 1001 63 0 0
434 61 1001 62 0 0
435 62 1001 63 0 0
436 59 1000 60 0 0
437 57 1001 58 0 0
438 62 1001 63 0 0
439 61 1001 62 0 0
440 63 1000 64 0 0
441 58 1001 59 0 0
442 57 1001 58 0 0
443 61 1000 62 0 0
444 61 1000 62 0 0
445 64 1001 65 0 0
446 59 999 60 0 0
447 55 1001 56 0 0
448 62 1000 63 0 0
449 60 1000 61 0 0
450 61 1001 62 0 0
451 57 1000 58 0 0
452 59 1001 59 0 0
453 58 1001 59 0 0
454 56 1001 57 0 0
455 57 1001 58 0 0
456 56 1001 57 0 0
457 57 1001 58 0 0
458 55 1001 56 0 0
459 55 1001 55 0 0
460 55 1000 56 0 0
461 52 1001 53 0 0
462 55 1001 55 0 0
463 57 1001 57 0 0
464 54 1001 55 0 0
465 55 1001 56 0 0
466 54 1001 55 0 0
467 55 1000 56 0 0
468 56 1001 57 0 0
469 55 1001 56 0 0
470 56 1001 57 0 0
471 55 1000 56 0 0
472 56 1000 56 0 0
473 54 1001 54 0 0
474 56 1000 57 0 0
475 56 1001 57 0 0
476 56 1001 57 0 0
477 56 1001 56 0 0
478 56 1000 57 0 0
479 56 1000 57 0 0
480 55 1000 56 0 0
481 56 1001 57 0 0
482 56 1000 57 0 0
483 54 1001 55 0 0
484 56 1000 57 0 0
485 55 1000 56 0 0
486 56 1002 57 0 0
487 56 1001 57 0 0
488 56 1001 56 0 0
489 56 1001 57 0 0
490 55 1001 56 0 0
491 56 1000 57 0 0
492 54 1001 54 0 0
493 56 1001 57 0 0
494 56 1001 57 0 0
495 55 1001 56 0 0
496 56 1000 56 0 0
497 54 1001 55 0 0
498 55 1000 56 0 0
499 53 1000 54 0 0
500 55 1001 55 0 0
501 56 1001 56 0 0
502 54 1001 55 0 0
503 55 1001 56 0 0
504 54 1001 55 0 0
505 55 1001 56 0 0
506 55 1001 55 0 0
507 55 1001 56 0 0
508 52 1001 53 0 0
509 55 1001 55 0 0
510 54 1001 54 0 0
511 55 1001 56 0 0
512 56 1000 57 0 0
513 55 1000 56 0 0
514 55 1000 56 0 0
515 53 1000 54 0 0
516 55 1000 56 0 0
517 56 1000 57 0 0
518 53 1001 54 0 0
519 55 1000 56 0 0
520 56 1001 57 0 0
521 53 1000 54 0 0
522 55 1000 56 0 0
523 55 1001 56 0 0
524 53 1000 54 0 0
525 54 1001 55 0 0
526 51 1001 52 0 0
527 55 1001 56 0 0
528 52 1001 53 0 0
529 55 1000 55 0 0
530 55 1000 56 0 0
531 54 1001 55 0 0
532 55 1001 56 0 0
533 53 1001 54 0 0
534 54 1000 55 0 0
535 51 1001 52 0 0
536 54 1000 54 0 0
537 55 1001 56 0 0
538 54 1001 55 0 0
539 54 1001 55 0 0
540 54 1001 55 0 0
541 55 1001 56 0 0
542 52 1001 53 0 0
543 55 1002 56 0 0
544 53 1001 54 0 0
545 56 1001 57 0 0
546 56 999 57 0 0
547 55 1000 56 0 0
548 54 1000 55 0 0
549 53 1000 54 0 0
550 51 1000 51 0 0
551 45 1001 45 0 0
552 43 1000 44 0 0
553 38 1000 39 0 0
554 39 1001 40 0 0
555 38 1001 39 0 0
556 39 1001 40 0 0
557 37 1001 37 0 0
558 37 1001 37 0 0
559 37 1001 37 0 0
560 37 1000 37 0 0
561 37 1001 38 0 0
562 37 1001 38 0 0
563 38 1001 39 0 0
564 38 1001 38 0 0
565 37 1000 38 0 0
566 39 1001 40 0 0
567 36 1001 37 0 0
568 39 1001 40 0 0
569 36 1001 37 0 0
570 38 1001 39 0 0
571 37 1000 38 0 0
572 36 1000 37 0 0
573 37 1001 38 0 0
574 38 1001 38 0 0
575 37 1001 38 0 0
576 41 1001 41 0 0
577 37 1001 37 0 0
578 37 1001 37 0 0
579 38 1001 39 0 0
580 36 1000 37 0 0
581 40 1001 41 0 0
582 39 1001 40 0 0
583 38 1000 39 0 0
584 46 1000 47 0 0
585 44 1000 45 0 0
586 33 1000 34 0 0
587 36 1000 37 0 0
588 39 1001 40 0 0
589 38 1001 39 0 0
590 38 1001 38 0 0
591 39 1000 40 0 0
592 41 1001 41 0 0
593 45 1001 46 0 0
594 41 1001 42 0 0
595 43 1001 44 0 0
596 44 1000 45 0 0
597 43 1001 44 0 0
598 43 1001 44 0 0
599 42 1000 43 0 0
600 43 1001 44 0 0
601 46 1001 47 0 0
602 45 1001 46 0 0
603 49 1000 50 0 0
604 50 1000 51 0 0
605 49 1001 49 0 0
606 51 1001 52 0 0
607 48 1001 49 0 0
608 54 1001 54 0 0
609 54 1001 55 0 0
610 56 1001 57 0 0
611 52 1002 52 0 0
612 51 1001 52 0 0
613 53 1001 54 0 0
614 52 1000 53 0 0
615 56 1000 57 0 0
616 55 1000 56 0 0
617 57 1000 58 0 0
618 54 1001 54 0 0
619 52 1000 53 0 0
620 55 1001 56 0 0
621 55 999 56 0 0
622 53 1000 54 0 0
623 58 1001 58 0 0
624 54 1000 55 0 0
625 54 1001 55 0 0
626 58 1002 58 0 0
627 55 1001 56 0 0
628 52 1001 53 0 0
629 57 1001 57 0 0
630 55 1001 56 0 0
631 60 1001 61 0 0
632 54 1001 55 0 0
633 52 1001 53 0 0
634 57 1002 58 0 0
635 54 1001 54 0 0
636 57 1000 57 0 0
637 58 1001 59 0 0
638 59 1001 60 0 0
639 54 1008 54 0 0
640 53 1004 54 0 0
641 53 991 54 0 0
642 56 1007 57 0 0
643 59 1006 60 0 0
644 55 1000 56 0 0
645 56 1001 56 0 0
646 60 998 60 0 0
647 61 1000 61 0 0
648 55 1000 56 0 0
649 46 990 46 0 0
650 57 1001 57 0 0
651 56 1000 57 0 0
652 53 1000 54 0 0
653 58 1003 58 0 0
654 57 1000 58 0 0
655 53 1007 53 0 0
656 59 1005 60 0 0
657 57 996 58 0 0
658 52 1002 53 0 0
659 62 999 63 0 0
660 59 1004 60 0 0
661 55 1005 56 0 0
662 53 991 53 0 0
663 57 1003 57 0 0
664 62 1003 63 0 0
665 60 1000 60 0 0
666 61 1004 61 0 0
667 55 989 55 0 0
668 62 1007 63 0 0
669 64 1005 65 0 0
670 60 1000 61 0 0
671 61 999 61 0 0
672 62 999 63 0 0
673 62 1008 63 0 0
674 63 1005 64 0 0
675 54 991 55 0 0
676 59 1003 60 0 0
677 64 1005 65 0 0
678 59 1000 60 0 0
679 61 1003 61 0 0
680 57 1001 58 0 0
681 61 1007 62 0 0
682 63 1005 64 0 0
683 59 999 60 0 0
684 60 1000 61 0 0
685 64 999 65 0 0
686 62 1000 62 0 0
687 63 1000 64 0 0
688 53 990 53 0 0
689 60 1000 60 0 0
690 61 1000 62 0 0
691 59 1000 60 0 0
692 61 1004 62 0 0
693 58 1001 58 0 0
694 59 1001 60 0 0
695 59 1001 60 0 0
696 61 1000 62 0 0
697 62 1001 63 0 0
698 60 1000 61 0 0
699 61 1000 61 0 0
700 59 1000 60 0 0
701 61 1001 62 0 0
702 60 1001 61 0 0
703 61 1000 62 0 0
704 59 1001 60 0 0
705 61 1000 62 0 0
706 62 1001 63 0 0
707 61 1000 61 0 0
708 61 1000 62 0 0
709 61 1001 62 0 0
710 61 1001 61 0 0
711 61 1001 62 0 0
712 60 1000 61 0 0
713 61 1000 62 0 0
714 62 1001 63 0 0
715 61 1001 61 0 0
716 62 1001 63 0 0
717 62 1000 62 0 0
718 60 1000 61 0 0
719 61 1001 62 0 0
720 61 1000 62 0 0
721 61 1000 62 0 0
722 61 1001 61 0 0
723 61 1000 62 0 0
724 59 1000 59 0 0
725 60 1001 61 0 0
726 62 1001 63 0 0
727 59 1001 60 0 0
728 61 1001 62 0 0
729 62 1001 63 0 0
730 59 1001 60 0 0
731 61 1001 62 0 0
732 63 1001 64 0 0
733 59 1001 60 0 0
734 62 1001 63 0 0
735 63 1001 63 0 0
736 59 1001 60 0 0
737 63 1001 64 0 0
738 63 1001 63 0 0
739 61 1001 62 0 0
740 62 1001 63 0 0
741 61 1001 61 0 0
742 62 1001 63 0 0
743 63 1000 64 0 0
744 63 1001 64 0 0
745 64 1001 64 0 0
746 62 1001 63 0 0
747 63 1001 64 0 0
748 62 1001 63 0 0
749 61 1001 62 0 0
750 60 1001 61 0 0
751 62 1000 63 0 0
752 63 1001 64 0 0
753 61 1001 62 0 0
754 62 1000 63 0 0
755 62 1001 63 0 0
756 62 1001 63 0 0
757 62 1000 63 0 0
758 62 1000 63 0 0
759 63 1001 64 0 0
760 68 1001 69 0 0
761 73 1001 74 0 0
762 74 1001 75 0 0
763 76 1001 77 0 0
764 78 1000 78 0 0
765 78 1001 79 0 0
766 79 1000 80 0 0
767 78 1001 79 0 0
768 79 1001 79 0 0
769 80 1001 81 0 0
770 78 1001 78 0 0
771 78 1000 79 0 0
772 82 1001 83 0 0
773 76 1001 77 0 0
774 78 1001 78 0 0
775 75 1000 76 0 0
776 77 1001 78 0 0
777 81 1001 82 0 0
778 76 1001 77 0 0
779 77 1001 78 0 0
780 77 1001 78 0 0
781 78 1002 79 0 0
782 76 1001 77 0 0
783 78 1001 79 0 0
784 80 1001 81 0 0
785 81 1000 82 0 0
786 77 1000 78 0 0
787 77 1000 78 0 0
788 78 1001 79 0 0
789 77 1000 78 0 0
790 77 1001 78 0 0
791 77 1001 78 0 0
792 75 1000 76 0 0
793 69 1001 70 0 0
794 79 1000 79 0 0
795 81 1001 82 0 0
796 75 1000 76 0 0
797 76 1001 77 0 0
798 77 1001 77 0 0
799 78 1001 79 0 0
800 75 1001 76 0 0
801 74 1001 74 0 0
802 78 1002 79 0 0
803 70 1001 71 0 0
804 70 1001 71 0 0
805 71 1000 72 0 0
806 73 1000 74 0 0
807 74 1001 75 0 0
808 73 1001 74 0 0
809 71 1000 72 0 0
810 68 1001 69 0 0
811 67 1001 68 0 0
812 69 1002 70 0 0
813 65 1001 66 0 0
814 63 1000 63 0 0
815 64 1001 65 0 0
816 65 1001 66 0 0
817 64 1001 65 0 0
818 62 1001 63 0 0
819 63 1000 64 0 0
820 62 1001 63 0 0
821 60 1000 61 0 0
822 64 1001 65 0 0
823 64 1001 65 0 0
824 64 1000 65 0 0
825 62 1000 63 0 0
826 59 1001 59 0 0
827 62 1001 62 0 0
828 64 1001 65 0 0
829 59 1001 60 0 0
830 63 1001 64 0 0
831 62 1001 63 0 0
832 63 1001 64 0 0
833 61 1002 62 0 0
834 63 1001 64 0 0
835 63 1001 64 0 0
836 62 1001 62 0 0
837 61 1001 62 0 0
838 61 1001 61 0 0
839 62 1001 63 0 0
840 64 1001 65 0 0
841 60 1001 61 0 0
842 61 1001 62 0 0
843 63 1001 64 0 0
844 60 1001 61 0 0
845 59 1001 60 0 0
846 63 1001 64 0 0
847 60 1001 61 0 0
848 59 1001 60 0 0
849 63 1000 64 0 0
850 59 1001 60 0 0
851 57 1001 58 0 0
852 63 1001 64 0 0
853 62 1000 62 0 0
854 58 1000 59 0 0
855 62 1000 63 0 0
856 61 1000 61 0 0
857 58 1000 59 0 0
858 62 1000 63 0 0
859 62 1000 62 0 0
860 58 1000 59 0 0
861 60 1001 61 0 0
862 60 1001 61 0 0
863 64 1001 65 0 0
864 58 1001 59 0 0
865 56 1001 57 0 0
866 61 1001 61 0 0
867 58 1001 59 0 0
868 59 1001 60 0 0
869 61 1000 62 0 0
870 59 1001 60 0 0
871 57 1001 58 0 0
872 58 1001 59 0 0
873 55 1001 56 0 0
874 57 1000 57 0 0
875 54 1000 55 0 0
876 55 1001 56 0 0
877 55 1000 56 0 0
878 55 1001 56 0 0
879 56 1001 56 0 0
880 53 1001 54 0 0
881 55 999 56 0 0
882 56 1000 57 0 0
883 55 1001 55 0 0
884 55 1001 56 0 0
885 53 1001 53 0 0
886 55 1001 56 0 0
887 54 1000 54 0 0
888 56 1001 57 0 0
889 57 1001 58 0 0
890 55 1000 56 0 0
891 55 1000 56 0 0
892 57 1001 58 0 0
893 56 1000 57 0 0
894 57 1000 57 0 0
895 54 1001 55 0 0
896 55 1000 56 0 0
897 53 1001 54 0 0
898 55 1001 56 0 0
899 53 1000 54 0 0
900 55 1000 56 0 0
901 55 1001 56 0 0
902 55 1001 55 0 0
903 55 1000 56 0 0
904 55 1001 56 0 0
905 55 1001 56 0 0
906 54 1001 55 0 0
907 55 1001 56 0 0
908 53 1001 53 0 0
909 56 1001 57 0 0
910 54 1002 54 0 0
911 55 1001 56 0 0
912 56 1001 57 0 0
913 55 1000 56 0 0
914 56 1001 57 0 0
915 53 1001 54 0 0
916 55 1000 56 0 0
917 56 1001 57 0 0
918 55 1000 56 0 0
919 56 1000 57 0 0
920 55 1001 55 0 0
921 54 1000 55 0 0
922 54 1000 55 0 0
923 55 1001 56 0 0
924 56 1000 56 0 0
925 55 1001 55 0 0
926 55 1000 56 0 0
927 56 1001 57 0 0
928 53 1000 54 0 0
929 56 1000 57 0 0
930 56 1001 57 0 0
931 55 1000 55 0 0
932 54 1001 55 0 0
933 56 1001 56 0 0
934 54 1001 55 0 0
935 55 1001 55 0 0
936 52 1000 53 0 0
937 55 1001 56 0 0
938 55 1001 56 0 0
939 54 1001 55 0 0
940 55 1001 56 0 0
941 55 1001 56 0 0
942 54 1001 55 0 0
943 54 1001 55 0 0
944 52 1001 53 0 0
945 54 1001 55 0 0
946 55 1001 56 0 0
947 52 1001 53 0 0
948 54 1000 55 0 0
949 55 1001 56 0 0
950 51 1001 52 0 0
951 54 1001 55 0 0
952 54 1001 55 0 0
953 52 1001 53 0 0
954 53 1001 54 0 0
955 51 1000 52 0 0
956 54 1000 55 0 0
957 55 1000 56 0 0
958 55 1001 55 0 0
959 55 1001 55 0 0
960 52 1000 53 0 0
961 54 1000 55 0 0
962 56 1001 57 0 0
963 54 1000 55 0 0
964 54 1001 55 0 0
965 52 1001 52 0 0
966 53 1001 54 0 0
967 47 1000 48 0 0
968 43 999 44 0 0
969 42 1001 42 0 0
970 40 1001 41 0 0
971 37 1000 38 0 0
972 38 1002 38 0 0
973 39 1001 40 0 0
974 37 1001 38 0 0
975 36 1001 37 0 0
976 37 1001 38 0 0
977 37 1001 38 0 0
978 34 1002 35 0 0
979 39 1001 40 0 0
980 38 1001 39 0 0
981 38 1001 39 0 0
982 38 1001 39 0 0
983 35 1002 36 0 0
984 39 1001 40 0 0
985 38 1000 39 0 0
986 38 1001 39 0 0
987 38 1001 39 0 0
988 38 1001 39 0 0
989 38 1000 39 0 0
990 39 1000 40 0 0
991 38 1001 39 0 0
992 36 1000 36 0 0
993 39 1000 40 0 0
994 38 1000 39 0 0
995 34 1001 35 0 0
996 39 1000 40 0 0
997 38 1000 39 0 0
998 36 1001 37 0 0
999 40 1001 41 0 0
1000 42 1001 43 0 0
1001 45 1001 45 0 0
1002 37 1001 37 0 0
1003 32 1000 33 0 0
1004 41 1001 41 0 0
1005 39 1001 40 0 0
1006 37 1001 38 0 0
1007 40 1001 41 0 0
1008 40 1001 41 0 0
1009 40 1001 41 0 0
1010 42 1001 43 0 0
1011 45 1001 46 0 0
1012 43 1001 44 0 0
1013 41 1001 42 0 0
1014 42 1001 43 0 0
1015 44 1000 45 0 0
1016 42 1000 43 0 0
1017 45 1001 46 0 0
1018 46 1001 47 0 0
1019 47 1001 48 0 0
1020 47 1001 48 0 0
1021 50 1001 51 0 0
1022 51 1001 52 0 0
1023 50 1001 51 0 0
1024 55 1000 56 0 0
1025 50 1000 51 0 0
1026 49 1001 49 0 0
1027 53 1000 54 0 0
1028 55 1000 55 0 0
1029 58 1001 59 0 0
1030 50 1000 51 0 0
1031 52 1001 53 0 0
1032 56 1001 57 0 0
1033 53 1001 54 0 0
1034 53 1001 54 0 0
1035 58 1001 59 0 0
1036 54 1000 55 0 0
1037 52 1001 53 0 0
1038 57 1001 58 0 0
1039 55 1001 55 0 0
1040 59 1001 59 0 0
1041 54 1000 55 0 0
1042 52 1001 53 0 0
1043 57 1001 58 0 0
1044 53 1001 54 0 0
1045 58 1001 58 0 0
1046 55 1000 56 0 0
1047 56 1001 57 0 0
1048 57 1001 58 0 0
1049 55 1001 56 0 0
1050 56 1002 57 0 0
1051 56 1002 57 0 0
1052 56 1001 57 0 0
1053 58 1001 59 0 0
1054 56 1001 56 0 0
1055 58 1001 59 0 0
1056 54 1001 55 0 0
1057 54 1000 55 0 0
1058 55 1001 55 0 0
1059 53 1000 54 0 0
1060 58 1001 59 0 0
1061 55 1001 56 0 0
1062 57 1000 58 0 0
1063 57 1000 58 0 0
1064 59 1000 60 0 0
1065 55 1001 56 0 0
1066 53 1001 53 0 0
1067 57 1001 58 0 0
1068 57 1001 58 0 0
1069 58 1001 59 0 0
1070 55 1001 56 0 0
1071 58 1000 59 0 0
1072 58 1001 59 0 0
1073 55 1001 55 0 0
1074 54 1001 55 0 0
1075 56 1001 57 0 0
1076 58 1001 59 0 0
1077 57 1000 58 0 0
1078 56 1000 57 0 0
1079 55 1001 55 0 0
1080 59 1000 59 0 0
1081 60 1001 61 0 0
1082 58 1000 59 0 0
1083 62 1001 62 0 0
1084 62 1001 62 0 0
1085 61 1001 62 0 0
1086 62 1000 63 0 0
1087 60 1000 61 0 0
1088 61 1000 62 0 0
1089 62 1000 62 0 0
1090 61 1003 62 0 0
1091 57 991 58 0 0
1092 60 1007 61 0 0
1093 63 1005 64 0 0
1094 61 1000 62 0 0
1095 60 1000 61 0 0
1096 65 999 65 0 0
1097 61 1000 62 0 0
1098 60 1001 61 0 0
1099 55 990 55 0 0
1100 58 1001 59 0 0
1101 58 1001 59 0 0
1102 60 1000 61 0 0
1103 59 1004 60 0 0
1104 61 1001 61 0 0
1105 58 1007 59 0 0
1106 63 1005 64 0 0
1107 61 996 62 0 0
1108 59 1002 60 0 0
1109 65 999 65 0 0
1110 60 1004 60 0 0
1111 63 1005 64 0 0
1112 55 992 56 0 0
1113 57 1003 58 0 0
1114 63 1003 64 0 0
1115 62 1000 62 0 0
1116 61 1004 62 0 0
1117 57 991 58 0 0
1118 61 1007 62 0 0
1119 62 1006 63 0 0
1120 61 1001 61 0 0
1121 58 1001 59 0 0
1122 64 999 65 0 0
1123 63 1008 64 0 0
1124 63 1005 64 0 0
1125 55 992 56 0 0
1126 59 1003 60 0 0
1127 65 1003 66 0 0
1128 59 1000 60 0 0
1129 62 1003 63 0 0
1130 61 1000 62 0 0
1131 61 1007 62 0 0
1132 63 1004 64 0 0
1133 61 999 61 0 0
1134 60 1001 61 0 0
1135 65 999 66 0 0
1136 61 1000 62 0 0
1137 62 1001 63 0 0
1138 53 992 54 0 0
1139 60 1001 61 0 0
1140 59 1000 60 0 0
1141 61 1000 61 0 0
1142 62 1004 63 0 0
1143 60 1001 61 0 0
1144 61 1001 62 0 0
1145 59 1001 60 0 0
1146 61 1000 62 0 0
1147 59 1000 60 0 0
1148 62 1001 63 0 0
1149 62 1001 63 0 0
1150 60 1001 61 0 0
1151 62 1000 63 0 0
1152 62 1001 63 0 0
1153 61 1001 62 0 0
1154 63 1001 64 0 0
1155 60 1001 61 0 0
1156 63 1001 63 0 0
1157 63 1001 64 0 0
1158 62 1000 63 0 0
1159 63 1001 64 0 0
1160 62 1001 62 0 0
1161 63 1001 63 0 0
1162 60 1001 61 0 0
1163 62 1000 62 0 0
1164 60 1000 61 0 0
1165 62 1000 63 0 0
1166 62 1000 63 0 0
1167 61 1000 62 0 0
1168 61 1000 62 0 0
1169 62 1001 63 0 0
1170 60 1001 61 0 0
1171 61 1000 62 0 0
1172 59 1001 60 0 0
1173 62 1001 63 0 0
1174 62 1000 63 0 0
1175 63 1001 63 0 0
1176 65 1001 66 0 0
1177 71 1000 72 0 0
1178 75 1001 75 0 0
1179 76 1001 77 0 0
1180 78 1001 79 0 0
1181 78 1001 79 0 0
1182 78 1001 79 0 0
1183 82 1001 83 0 0
1184 76 1001 77 0 0
1185 78 1001 78 0 0
1186 78 1001 79 0 0
1187 77 1001 78 0 0
1188 78 1001 79 0 0
1189 78 1001 79 0 0
1190 81 1001 81 0 0
1191 77 1001 77 0 0
1192 76 1001 77 0 0
1193 78 1001 79 0 0
1194 78 1001 79 0 0
1195 78 1000 79 0 0
1196 78 1000 79 0 0
1197 79 1000 79 0 0
1198 78 1001 79 0 0
1199 80 1000 81 0 0
1200 77 1000 78 0 0
1201 76 1000 77 0 0
1202 76 999 77 0 0
1203 77 1001 78 0 0
1204 77 1001 78 0 0
1205 78 1001 79 0 0
1206 77 1001 78 0 0
1207 77 1001 77 0 0
1208 80 1001 81 0 0
1209 70 1000 70 0 0
1210 75 1001 76 0 0
1211 79 1001 80 0 0
1212 76 1002 77 0 0
1213 77 1001 77 0 0
1214 78 1001 79 0 0
1215 78 1000 79 0 0
1216 78 1001 78 0 0
1217 75 1001 76 0 0
1218 71 1001 72 0 0
1219 77 1000 78 0 0
1220 71 1001 72 0 0
1221 70 1001 71 0 0
1222 73 1000 74 0 0
1223 73 1001 73 0 0
1224 71 1000 72 0 0
1225 70 1001 71 0 0
1226 71 1000 72 0 0
1227 67 1001 68 0 0
1228 66 1001 67 0 0
1229 64 1001 65 0 0
1230 65 1000 66 0 0
1231 66 1000 67 0 0
1232 63 1000 63 0 0
1233 62 1001 63 0 0
1234 63 1001 64 0 0
1235 61 1001 61 0 0
1236 63 1001 64 0 0
1237 64 1001 65 0 0
1238 66 1000 67 0 0
1239 61 1001 62 0 0
1240 61 1000 62 0 0
1241 63 1000 64 0 0
1242 63 1001 64 0 0
1243 59 1001 60 0 0
1244 63 1001 64 0 0
1245 64 1001 65 0 0
1246 62 1000 63 0 0
1247 63 1001 63 0 0
1248 65 1001 66 0 0
1249 61 1000 62 0 0
1250 58 1000 59 0 0
1251 61 1001 62 0 0
1252 61 1001 62 0 0
1253 62 1001 63 0 0
1254 62 1001 63 0 0
1255 66 1001 67 0 0
1256 60 1001 61 0 0
1257 60 1000 60 0 0
1258 62 1000 62 0 0
1259 61 1001 62 0 0
1260 58 1001 59 0 0
1261 64 1001 65 0 0
1262 62 1001 63 0 0
1263 61 1000 62 0 0
1264 61 1001 62 0 0
1265 61 1000 62 0 0
1266 62 1000 63 0 0
1267 58 1001 59 0 0
1268 61 1000 62 0 0
1269 61 1000 62 0 0
1270 64 1000 65 0 0
1271 58 1000 59 0 0
1272 59 1001 60 0 0
1273 61 1001 62 0 0
1274 60 1001 61 0 0
1275 57 1001 58 0 0
1276 59 1001 60 0 0
1277 59 1001 60 0 0
1278 62 1002 63 0 0
1279 60 1001 61 0 0
1280 60 1001 61 0 0
1281 60 1002 61 0 0
1282 63 1001 64 0 0
1283 58 1001 59 0 0
1284 54 1001 55 0 0
1285 60 1001 61 0 0
1286 59 1001 60 0 0
1287 57 1001 58 0 0
1288 58 1001 58 0 0
1289 57 1001 58 0 0
1290 57 1001 58 0 0
1291 55 1001 56 0 0
1292 55 1001 55 0 0
1293 52 1001 53 0 0
1294 54 1001 55 0 0
1295 55 1000 56 0 0
1296 53 1001 54 0 0
1297 56 1000 57 0 0
1298 56 1001 56 0 0
1299 55 1000 55 0 0
1300 55 1001 56 0 0
1301 56 1000 56 0 0
1302 55 1000 56 0 0
1303 55 1001 55 0 0
1304 56 1000 57 0 0
1305 55 1000 56 0 0
1306 56 1001 57 0 0
1307 54 1001 54 0 0
1308 56 1001 57 0 0
1309 56 1001 57 0 0
1310 55 1001 56 0 0
1311 55 1001 56 0 0
1312 56 1001 56 0 0
1313 55 1001 55 0 0
1314 56 1000 56 0 0
1315 56 1000 57 0 0
1316 55 1000 55 0 0
1317 55 1000 56 0 0
1318 53 1001 54 0 0
1319 56 1001 56 0 0
1320 56 1001 57 0 0
1321 54 1000 55 0 0
1322 56 1001 57 0 0
1323 53 1001 54 0 0
1324 56 1000 57 0 0
1325 54 1001 54 0 0
1326 56 1002 57 0 0
1327 57 1000 57 0 0
1328 54 1000 55 0 0
1329 55 1001 56 0 0
1330 54 1001 55 0 0
1331 56 1001 57 0 0
1332 55 1000 56 0 0
1333 55 1000 56 0 0
1334 55 1000 56 0 0
1335 55 1000 56 0 0
1336 52 1001 53 0 0
1337 55 1000 56 0 0
1338 53 1000 54 0 0
1339 56 1000 57 0 0
1340 56 1000 57 0 0
1341 55 1000 55 0 0
1342 55 1001 56 0 0
1343 55 1001 56 0 0
1344 55 1001 55 0 0
1345 55 1001 56 0 0
1346 53 1001 54 0 0
1347 55 1000 56 0 0
1348 56 1001 57 0 0
1349 53 1000 54 0 0
1350 55 1001 55 0 0
1351 55 1000 56 0 0
1352 52 1001 53 0 0
1353 54 1001 55 0 0
1354 55 1001 56 0 0
1355 53 1000 53 0 0
1356 55 1001 56 0 0
1357 55 1001 56 0 0
1358 52 1001 53 0 0
1359 55 1001 56 0 0
1360 55 1001 56 0 0
1361 53 1001 53 0 0
1362 55 1001 56 0 0
1363 55 1001 56 0 0
1364 52 1000 53 0 0
1365 55 1001 56 0 0
1366 55 1001 55 0 0
1367 54 1001 55 0 0
1368 53 1000 54 0 0
1369 55 1000 55 0 0
1370 53 1000 54 0 0
1371 54 1000 55 0 0
1372 54 1000 55 0 0
1373 54 1000 55 0 0
1374 55 1000 55 0 0
1375 54 1001 55 0 0
1376 55 1001 55 0 0
1377 55 1000 56 0 0
1378 52 1001 53 0 0
1379 55 1001 56 0 0
1380 55 1001 55 0 0
1381 53 1002 54 0 0
1382 54 1001 55 0 0
1383 51 1001 51 0 0
1384 45 1001 45 0 0
1385 43 1001 44 0 0
1386 41 1001 42 0 0
1387 38 1001 39 0 0
1388 39 1000 39 0 0
1389 40 1000 41 0 0
1390 36 1001 37 0 0
1391 34 1001 35 0 0
1392 37 1001 38 0 0
1393 37 1001 38 0 0
1394 37 1001 38 0 0
1395 37 1001 38 0 0
1396 38 1001 39 0 0
1397 38 1001 39 0 0
1398 37 1001 38 0 0
1399 37 1000 37 0 0
1400 38 1001 39 0 0
1401 39 1001 40 0 0
1402 36 1000 37 0 0
1403 39 1000 40 0 0
1404 38 1000 39 0 0
1405 35 1001 36 0 0
1406 38 1000 39 0 0
1407 38 1000 39 0 0
1408 36 1001 37 0 0
1409 39 1001 40 0 0
1410 39 1001 40 0 0
1411 39 1001 40 0 0
1412 38 1000 38 0 0
1413 38 1001 39 0 0
1414 38 1000 39 0 0
1415 40 1002 41 0 0
1416 37 1001 37 0 0
1417 45 1001 46 0 0
1418 43 1001 44 0 0
1419 32 1000 33 0 0
1420 39 1001 40 0 0
1421 41 1001 42 0 0
1422 38 1000 39 0 0
1423 38 1001 39 0 0
1424 39 1000 40 0 0
1425 39 1001 40 0 0
1426 39 1001 40 0 0
1427 43 1001 44 0 0
1428 42 1000 43 0 0
1429 44 1001 45 0 0
1430 43 1000 44 0 0
1431 41 1001 42 0 0
1432 43 1001 43 0 0
1433 44 1001 44 0 0
1434 45 1000 46 0 0
1435 47 1001 48 0 0
1436 49 1000 49 0 0
1437 47 1000 48 0 0
1438 50 1000 51 0 0
1439 52 1000 52 0 0
1440 48 1000 49 0 0
1441 53 1000 54 0 0
1442 53 1001 54 0 0
1443 50 1000 51 0 0
1444 55 1001 55 0 0
1445 54 1001 55 0 0
1446 56 1000 57 0 0
1447 54 1001 55 0 0
1448 53 1001 54 0 0
1449 54 1000 55 0 0
1450 54 1000 55 0 0
1451 57 1001 58 0 0
1452 55 1001 55 0 0
1453 50 1001 50 0 0
1454 57 1001 58 0 0
1455 56 1001 57 0 0
1456 56 1001 57 0 0
1457 57 1001 57 0 0
1458 56 1001 57 0 0
1459 55 1001 56 0 0
1460 59 1001 60 0 0
1461 53 1001 54 0 0
1462 52 1001 53 0 0
1463 57 1001 58 0 0
1464 56 1001 56 0 0
1465 57 1001 58 0 0
1466 55 1001 55 0 0
1467 52 1001 53 0 0
1468 57 1001 58 0 0
1469 57 1001 58 0 0
1470 57 1001 58 0 0
1471 56 1000 57 0 0
1472 55 1001 55 0 0
1473 56 1000 56 0 0
1474 56 1001 57 0 0
1475 57 1001 58 0 0
1476 55 1000 56 0 0
1477 56 1002 57 0 0
1478 53 1001 53 0 0
1479 55 1001 56 0 0
1480 57 1001 58 0 0
1481 54 1002 55 0 0
1482 57 1001 58 0 0
1483 56 1001 57 0 0
1484 57 1001 58 0 0
1485 55 1001 56 0 0
1486 56 1001 57 0 0
1487 58 1001 59 0 0
1488 55 1000 56 0 0
1489 54 1001 55 0 0
1490 56 1000 57 0 0
1491 59 1000 59 0 0
1492 53 1000 54 0 0
1493 58 1001 58 0 0
1494 58 1002 59 0 0
1495 56 1001 57 0 0
1496 57 1000 58 0 0
1497 58 1000 59 0 0
1498 58 1001 59 0 0
1499 61 1001 61 0 0
1500 59 1001 60 0 0
1501 60 1000 61 0 0
1502 59 1000 60 0 0
1503 61 1000 62 0 0
1504 62 1001 62 0 0
1505 60 1000 61 0 0
1506 61 1000 62 0 0
1507 59 1000 60 0 0
1508 60 1000 61 0 0
1509 61 1001 62 0 0
1510 60 1000 61 0 0
1511 61 1001 62 0 0
1512 58 1001 59 0 0
1513 60 1001 61 0 0
1514 61 1002 62 0 0
1515 60 1000 61 0 0
1516 60 1001 61 0 0
1517 62 1001 63 0 0
1518 60 1001 60 0 0
1519 61 1001 62 0 0
1520 60 1001 61 0 0
1521 61 1000 62 0 0
1522 60 1001 61 0 0
1523 61 1001 62 0 0
1524 59 1000 60 0 0
1525 61 1001 62 0 0
1526 61 1001 62 0 0
1527 61 1001 62 0 0
1528 61 1001 62 0 0
1529 61 1001 62 0 0
1530 61 1001 62 0 0
1531 60 1001 60 0 0
1532 61 1000 62 0 0
1533 61 1001 62 0 0
1534 61 1001 61 0 0
1535 59 1001 60 0 0
1536 62 1001 63 0 0
1537 59 1000 60 0 0
1538 62 1000 62 0 0
1539 63 1000 64 0 0
1540 61 1003 62 0 0
1541 57 991 58 0 0
1542 61 1007 62 0 0
1543 63 1005 64 0 0
1544 58 1000 59 0 0
1545 61 1000 62 0 0
1546 65 999 66 0 0
1547 62 1000 62 0 0
1548 62 1001 63 0 0
1549 53 992 54 0 0
1550 61 1001 62 0 0
1551 61 1002 62 0 0
1552 61 1000 62 0 0
1553 61 1004 62 0 0
1554 61 1001 62 0 0
1555 60 1007 61 0 0
1556 63 1006 64 0 0
1557 59 996 60 0 0
1558 60 1002 61 0 0
1559 61 999 62 0 0
1560 62 1008 63 0 0
1561 63 1005 64 0 0
1562 52 991 53 0 0
1563 61 1003 61 0 0
1564 64 1003 65 0 0
1565 61 1000 62 0 0
1566 62 1004 63 0 0
1567 59 991 59 0 0
1568 61 1007 62 0 0
1569 64 1005 65 0 0
1570 60 1000 60 0 0
1571 63 1001 64 0 0
1572 67 999 67 0 0
1573 62 1004 63 0 0
1574 65 1005 66 0 0
1575 56 992 57 0 0
1576 60 1003 61 0 0
1577 64 1003 65 0 0
1578 62 1000 64 0 0
1579 62 1004 62 0 0
1580 60 1001 61 0 0
1581 62 1007 63 0 0
1582 61 1005 62 0 0
1583 62 1000 63 0 0
1584 62 1001 63 0 0
1585 65 999 66 0 0
1586 63 1000 64 0 0
1587 63 1001 64 0 0
1588 55 992 56 0 0
1589 60 1001 61 0 0
1590 63 1001 64 0 0
1591 61 1000 62 0 0
1592 65 1004 66 0 0
1593 69 1001 70 0 0
1594 73 1001 73 0 0
1595 77 1001 78 0 0
1596 76 1001 77 0 0
1597 79 1001 80 0 0
1598 75 1001 76 0 0
1599 76 1001 77 0 0
1600 77 1001 78 0 0
1601 78 1001 79 0 0
1602 79 1001 80 0 0
1603 76 1001 77 0 0
1604 77 1001 78 0 0
1605 76 1001 77 0 0
1606 79 1000 80 0 0
1607 77 1000 78 0 0
1608 78 1000 79 0 0
1609 80 1000 81 0 0
1610 77 1000 78 0 0
1611 79 1000 80 0 0
1612 79 1000 80 0 0
1613 77 1001 78 0 0
1614 79 1002 80 0 0
1615 78 1001 78 0 0
1616 78 1001 78 0 0
1617 79 1001 80 0 0
1618 78 1001 79 0 0
1619 78 1001 78 0 0
1620 78 1001 79 0 0
1621 81 1001 82 0 0
1622 76 1000 77 0 0
1623 76 1001 77 0 0
1624 77 1000 78 0 0
1625 73 1001 74 0 0
1626 69 1000 70 0 0
1627 80 1001 81 0 0
1628 82 1001 83 0 0
1629 75 1001 76 0 0
1630 74 1001 75 0 0
1631 77 1001 78 0 0
1632 77 1001 78 0 0
1633 77 1001 78 0 0
1634 75 1001 76 0 0
1635 72 1001 73 0 0
1636 73 1001 74 0 0
1637 73 1000 74 0 0
1638 75 1001 76 0 0
1639 74 999 75 0 0
1640 72 1000 73 0 0
1641 71 1001 72 0 0
1642 70 1000 71 0 0
1643 68 1000 69 0 0
1644 68 1001 69 0 0
1645 67 1001 68 0 0
1646 68 999 69 0 0
1647 63 1001 64 0 0
1648 63 1001 64 0 0
1649 65 1001 66 0 0
1650 59 1001 60 0 0
1651 63 1001 63 0 0
1652 66 1001 67 0 0
1653 60 1001 61 0 0
1654 60 1001 61 0 0
1655 61 1001 62 0 0
1656 63 1001 64 0 0
1657 63 1001 63 0 0
1658 62 1001 63 0 0
1659 60 1001 61 0 0
1660 62 1001 63 0 0
1661 62 1000 63 0 0
1662 64 1001 65 0 0
1663 63 1000 64 0 0
1664 66 1001 67 0 0
1665 60 1001 60 0 0
1666 57 1001 58 0 0
1667 63 1001 64 0 0
1668 63 1001 64 0 0
1669 64 1001 65 0 0
1670 60 1001 61 0 0
1671 59 1000 60 0 0
1672 62 1001 63 0 0
1673 62 1001 63 0 0
1674 64 1000 64 0 0
1675 61 1000 61 0 0
1676 61 1001 61 0 0
1677 63 1001 64 0 0
1678 63 1001 63 0 0
1679 64 1000 65 0 0
1680 60 1000 61 0 0
1681 60 1000 61 0 0
1682 60 1001 61 0 0
1683 57 1001 58 0 0
1684 63 1000 64 0 0
1685 58 1001 59 0 0
1686 61 1001 62 0 0
1687 62 1001 63 0 0
1688 61 1001 62 0 0
1689 59 1001 60 0 0
1690 62 1001 63 0 0
1691 59 1001 60 0 0
1692 62 1001 62 0 0
1693 58 1001 59 0 0
1694 59 1001 60 0 0
1695 59 1001 59 0 0
1696 56 1001 57 0 0
1697 61 1001 62 0 0
1698 59 1001 60 0 0
1699 59 1000 60 0 0
1700 60 1001 61 0 0
1701 61 1001 62 0 0
1702 58 1001 59 0 0
1703 57 1001 58 0 0
1704 56 1001 57 0 0
1705 57 1000 58 0 0
1706 56 1001 56 0 0
1707 56 1001 57 0 0
1708 56 1000 57 0 0
1709 55 1001 56 0 0
1710 55 1000 56 0 0
1711 54 1000 55 0 0
1712 55 1000 56 0 0
1713 54 1000 55 0 0
1714 57 1000 57 0 0
1715 54 1000 55 0 0
1716 56 1001 57 0 0
1717 54 1001 54 0 0
1718 56 1001 57 0 0
1719 56 1000 57 0 0
1720 55 1001 56 0 0
1721 55 1000 56 0 0
1722 56 1001 57 0 0
1723 55 1001 56 0 0
1724 54 1000 55 0 0
1725 56 1002 57 0 0
1726 55 1001 56 0 0
1727 56 1001 57 0 0
1728 53 1001 54 0 0
1729 56 1000 57 0 0
1730 53 1001 54 0 0
1731 56 1001 56 0 0
1732 56 1000 57 0 0
1733 54 1002 55 0 0
1734 56 1001 57 0 0
1735 53 1001 54 0 0
1736 56 1000 57 0 0
1737 56 1001 57 0 0
1738 55 1002 56 0 0
1739 55 1001 55 0 0
1740 54 1001 54 0 0
1741 56 1001 57 0 0
1742 56 1000 57 0 0
1743 56 1000 57 0 0
1744 54 1000 55 0 0
1745 56 1000 56 0 0
1746 55 1001 56 0 0
1747 54 1000 55 0 0
1748 55 1000 56 0 0
1749 54 1000 55 0 0
1750 54 999 54 0 0
1751 55 1001 56 0 0
1752 52 1000 53 0 0
1753 55 1001 56 0 0
1754 56 1001 57 0 0
1755 55 1001 56 0 0
1756 54 1001 55 0 0
1757 56 1001 57 0 0
1758 54 1000 55 0 0
1759 55 1001 56 0 0
1760 54 1001 55 0 0
1761 55 1001 56 0 0
1762 54 1001 55 0 0
1763 54 1001 55 0 0
1764 55 1000 56 0 0
1765 54 1001 55 0 0
1766 55 1001 56 0 0
1767 54 1001 55 0 0
1768 56 1000 56 0 0
1769 53 1001 54 0 0
1770 55 1001 56 0 0
1771 53 1000 54 0 0
1772 56 1001 57 0 0
1773 56 1001 56 0 0
1774 54 1001 55 0 0
1775 54 1001 55 0 0
1776 53 1001 54 0 0
1777 55 1000 56 0 0
1778 54 1001 55 0 0
1779 53 1001 54 0 0
1780 52 1001 53 0 0
1781 55 1000 56 0 0
1782 55 1001 56 0 0
1783 52 1001 53 0 0
1784 55 1001 55 0 0
1785 55 1001 55 0 0
1786 52 1001 53 0 0
1787 54 1001 55 0 0
1788 55 1001 55 0 0
1789 54 1001 55 0 0
1790 54 1001 55 0 0
1791 54 1001 55 0 0
1792 54 1001 54 0 0
1793 55 1001 56 0 0
1794 54 1001 55 0 0
1795 54 1000 55 0 0
1796 52 1000 53 0 0
1797 54 1001 55 0 0
1798 55 1001 56 0 0
1799 52 1000 53 0 0
1800 45 1001 45 0 0
1801 43 1001 44 0 0
1802 41 1000 42 0 0
1803 39 1001 40 0 0
1804 38 1001 39 0 0
1805 40 1002 41 0 0
1806 36 1001 37 0 0
1807 35 1000 36 0 0
1808 38 1001 38 0 0
1809 37 1001 38 0 0
1810 38 1001 39 0 0
1811 39 1000 39 0 0
1812 37 1000 38 0 0
1813 37 1000 38 0 0
1814 40 1000 41 0 0
1815 36 1000 37 0 0
1816 34 1000 35 0 0
1817 38 1001 39 0 0
1818 37 1000 38 0 0
1819 38 1001 38 0 0
1820 37 1002 38 0 0
1821 33 1000 33 0 0
1822 38 1001 38 0 0
1823 37 1001 38 0 0
1824 38 1000 39 0 0
1825 35 1001 35 0 0
1826 34 1001 35 0 0
1827 37 1001 38 0 0
1828 38 1001 39 0 0
1829 39 1001 40 0 0
1830 38 1001 39 0 0
1831 39 1000 40 0 0
1832 38 1002 39 0 0
1833 41 1000 42 0 0
1834 45 1001 45 0 0
1835 32 1001 33 0 0
1836 37 1001 38 0 0
1837 40 1000 41 0 0
1838 39 1000 39 0 0
1839 38 1001 39 0 0
1840 38 1001 38 0 0
1841 40 1000 40 0 0
1842 42 1001 43 0 0
1843 42 1000 43 0 0
1844 42 1001 43 0 0
1845 42 1000 43 0 0
1846 41 1000 42 0 0
1847 42 1000 43 0 0
1848 41 1000 42 0 0
1849 45 1000 46 0 0
1850 45 1000 46 0 0
1851 46 1000 46 0 0
1852 48 1001 49 0 0
1853 46 1001 47 0 0
1854 49 1001 50 0 0
1855 51 1001 52 0 0
1856 52 1001 53 0 0
1857 52 1000 52 0 0
1858 55 1001 56 0 0
1859 52 1001 53 0 0
1860 51 1001 52 0 0
1861 55 1001 56 0 0
1862 54 1001 54 0 0
1863 50 1001 51 0 0
1864 56 1001 57 0 0
1865 55 1001 56 0 0
1866 53 1001 54 0 0
1867 55 1001 55 0 0
1868 56 1000 57 0 0
1869 55 1001 56 0 0
1870 55 1001 56 0 0
1871 52 1000 53 0 0
1872 52 1001 53 0 0
1873 57 1001 58 0 0
1874 55 999 55 0 0
1875 57 1001 58 0 0
1876 57 1001 57 0 0
1877 57 1001 57 0 0
1878 55 1001 56 0 0
1879 54 1000 55 0 0
1880 56 1000 57 0 0
1881 56 1001 57 0 0
1882 55 1001 56 0 0
1883 56 1001 56 0 0
1884 59 1000 60 0 0
1885 53 1000 54 0 0
1886 53 1001 54 0 0
1887 55 1001 55 0 0
1888 56 1001 57 0 0
1889 55 1001 56 0 0
1890 56 1001 57 0 0
1891 58 1001 58 0 0
1892 57 1001 58 0 0
1893 57 1001 58 0 0
1894 58 1001 59 0 0
1895 58 1001 59 0 0
1896 56 1001 56 0 0
1897 52 1001 53 0 0
1898 57 1001 58 0 0
1899 57 1001 58 0 0
1900 55 1000 56 0 0
1901 56 1001 57 0 0
1902 59 1001 60 0 0
1903 56 1001 57 0 0
1904 57 1000 58 0 0
1905 56 1000 57 0 0
1906 53 1001 54 0 0
1907 57 1001 58 0 0
1908 57 1001 57 0 0
1909 59 1000 60 0 0
1910 56 1000 56 0 0
1911 60 1001 61 0 0
1912 54 1001 55 0 0
1913 56 1000 57 0 0
1914 59 1000 60 0 0
1915 60 1000 61 0 0
1916 59 1000 60 0 0
1917 59 1001 60 0 0
1918 59 1000 60 0 0
1919 63 1000 63 0 0
1920 62 1000 63 0 0
1921 59 1000 60 0 0
1922 62 1000 62 0 0
1923 61 1001 62 0 0
1924 61 1001 62 0 0
1925 59 1001 60 0 0
1926 60 1001 61 0 0
1927 58 1001 59 0 0
1928 60 1001 61 0 0
1929 61 1001 62 0 0
1930 59 1001 59 0 0
1931 60 1001 61 0 0
1932 61 1001 62 0 0
1933 60 1001 61 0 0
1934 60 1000 61 0 0
1935 61 1001 62 0 0
1936 60 1000 61 0 0
1937 61 1001 62 0 0
1938 59 1001 59 0 0
1939 61 1001 62 0 0
1940 61 1001 62 0 0
1941 61 1001 62 0 0
1942 61 1001 62 0 0
1943 60 1001 61 0 0
1944 60 1001 61 0 0
1945 62 1001 62 0 0
1946 60 999 61 0 0
1947 62 1001 62 0 0
1948 59 1001 59 0 0
1949 61 1000 62 0 0
1950 62 1001 63 0 0
1951 61 1000 62 0 0
1952 60 1000 61 0 0
1953 62 1000 62 0 0
1954 60 1001 61 0 0
1955 60 1001 61 0 0
1956 62 1000 63 0 0
1957 60 1000 61 0 0
1958 61 1001 62 0 0
1959 59 1001 60 0 0
1960 62 1000 63 0 0
1961 59 1001 60 0 0
1962 62 1001 62 0 0
1963 61 1000 62 0 0
1964 60 1001 61 0 0
1965 62 1000 62 0 0
1966 60 1001 61 0 0
1967 62 1001 62 0 0
1968 60 1001 61 0 0
1969 61 1001 62 0 0
1970 59 1001 60 0 0
1971 60 1000 61 0 0
1972 59 1001 60 0 0
1973 62 1001 63 0 0
1974 62 1000 62 0 0
1975 60 1001 61 0 0
1976 62 1001 63 0 0
1977 60 1000 61 0 0
1978 61 1001 62 0 0
1979 59 1001 60 0 0
1980 61 1001 62 0 0
1981 62 1001 63 0 0
1982 60 1001 61 0 0
1983 62 1000 63 0 0
1984 63 1000 64 0 0
1985 60 1000 61 0 0
1986 63 1000 63 0 0
1987 63 1001 64 0 0
1988 60 1001 61 0 0
1989 62 1000 64 0 0
1990 64 1003 64 0 0
1991 59 991 60 0 0
1992 63 1007 63 0 0
1993 64 1005 65 0 0
1994 63 1001 63 0 0
1995 61 1001 62 0 0
1996 65 999 66 0 0
1997 63 1001 64 0 0
1998 61 1001 62 0 0
1999 56 992 57 0 0
2000 59 1001 60 0 0
2001 60 1002 61 0 0
2002 61 1000 62 0 0
2003 61 1004 62 0 0
2004 61 1001 61 0 0
2005 61 1007 62 0 0
2006 64 1005 65 0 0
2007 60 996 61 0 0
2008 62 1001 63 0 0
2009 69 999 70 0 0
2010 70 1008 72 0 0
2011 77 1005 78 0 0
2012 68 992 69 0 0
2013 75 1003 77 0 0
2014 80 1003 81 0 0
2015 78 1000 79 0 0
2016 78 1004 79 0 0
2017 74 991 74 0 0
2018 81 1007 82 0 0
2019 79 1005 80 0 0
2020 75 1000 76 0 0
2021 78 1000 79 0 0
2022 81 999 82 0 0
2023 80 1004 81 0 0
2024 80 1004 81 0 0
2025 69 992 70 0 0
2026 77 1003 77 0 0
2027 81 1003 82 0 0
2028 78 1000 80 0 0
2029 79 1003 80 0 0
2030 76 1001 77 0 0
2031 77 1007 78 0 0
2032 80 1006 81 0 0
2033 77 1000 78 0 0
2034 77 1001 77 0 0
2035 81 999 82 0 0
2036 79 1000 80 0 0
2037 77 1001 78 0 0
2038 73 992 73 0 0
2039 76 1001 77 0 0
2040 77 1001 78 0 0
2041 78 1000 78 0 0
2042 70 1004 71 0 0
2043 77 1001 78 0 0
2044 80 1001 81 0 0
2045 75 1001 75 0 0
2046 76 1001 77 0 0
2047 76 1001 77 0 0
2048 77 1001 78 0 0
2049 78 1000 79 0 0
2050 73 1001 74 0 0
2051 74 1000 75 0 0
2052 71 1001 72 0 0
2053 71 1000 72 0 0
2054 72 1001 73 0 0
2055 73 1000 74 0 0
2056 78 1001 79 0 0
2057 71 1000 72 0 0
2058 71 1000 72 0 0
2059 68 1001 69 0 0
2060 67 1000 68 0 0
2061 70 1001 71 0 0
2062 65 1001 66 0 0
2063 62 1001 63 0 0
2064 64 1001 65 0 0
2065 61 1001 62 0 0
2066 65 1001 66 0 0
2067 64 1000 65 0 0
2068 63 1001 64 0 0
2069 63 1001 64 0 0
2070 66 1001 67 0 0
2071 62 1000 63 0 0
2072 59 1001 59 0 0
2073 64 1001 64 0 0
2074 63 1000 64 0 0
2075 64 1001 65 0 0
2076 61 1001 62 0 0
2077 60 1000 61 0 0
2078 63 1001 64 0 0
2079 63 1001 64 0 0
2080 63 1001 64 0 0
2081 62 1001 62 0 0
2082 64 1001 65 0 0
2083 62 1000 63 0 0
2084 60 1001 61 0 0
2085 61 1000 62 0 0
2086 62 1000 63 0 0
2087 63 1001 64 0 0
2088 62 1000 62 0 0
2089 62 1000 62 0 0
2090 61 1000 62 0 0
2091 58 1000 59 0 0
2092 63 1000 63 0 0
2093 62 1001 63 0 0
2094 63 1001 64 0 0
2095 61 1001 62 0 0
2096 62 1000 63 0 0
2097 60 1001 61 0 0
2098 58 1002 59 0 0
2099 62 1000 63 0 0
2100 61 1001 61 0 0
2101 61 1001 62 0 0
2102 59 1001 60 0 0
2103 61 1001 61 0 0
2104 60 1001 61 0 0
2105 61 1000 62 0 0
2106 62 1001 63 0 0
2107 59 1001 60 0 0
2108 57 1000 58 0 0
2109 60 1001 61 0 0
2110 61 1001 62 0 0
2111 58 1001 59 0 0
2112 60 1002 61 0 0
2113 61 1001 61 0 0
2114 63 1001 64 0 0
2115 59 1001 60 0 0
2116 58 1001 59 0 0
2117 59 1001 60 0 0
2118 58 1000 59 0 0
2119 55 1001 56 0 0
2120 60 1000 61 0 0
2121 59 1000 59 0 0
2122 57 1000 58 0 0
2123 56 1001 57 0 0
2124 56 1000 57 0 0
2125 56 1000 56 0 0
2126 55 1000 56 0 0
2127 56 1001 56 0 0
2128 54 1001 55 0 0
2129 54 1001 55 0 0
2130 55 1001 56 0 0
2131 55 1001 56 0 0
2132 55 1000 55 0 0
2133 56 1001 57 0 0
2134 55 1001 55 0 0
2135 56 1001 57 0 0
2136 53 1001 54 0 0
2137 56 1001 56 0 0
2138 57 1002 58 0 0
2139 56 1001 56 0 0
2140 56 1001 57 0 0
2141 53 1001 54 0 0
2142 56 1001 57 0 0
2143 57 1001 58 0 0
2144 55 1001 56 0 0
2145 55 1001 56 0 0
2146 55 1001 56 0 0
2147 56 1000 56 0 0
2148 55 1001 56 0 0
2149 54 1000 55 0 0
2150 53 1001 54 0 0
2151 56 1001 57 0 0
2152 56 1001 57 0 0
2153 55 1001 56 0 0
2154 56 1000 57 0 0
2155 55 1000 55 0 0
2156 54 1001 55 0 0
2157 54 1000 55 0 0
2158 56 1000 57 0 0
2159 56 1000 57 0 0
2160 55 1000 56 0 0
2161 55 1000 56 0 0
2162 55 1001 56 0 0
2163 54 1001 54 0 0
2164 54 1001 55 0 0
2165 54 1001 55 0 0
2166 55 1001 56 0 0
2167 53 1000 54 0 0
2168 55 1001 56 0 0
2169 54 1001 54 0 0
2170 55 1001 56 0 0
2171 54 1000 55 0 0
2172 55 1001 56 0 0
2173 56 1002 57 0 0
2174 55 1000 56 0 0
2175 56 1001 57 0 0
2176 55 1001 56 0 0
2177 55 1001 56 0 0
2178 55 1001 55 0 0
2179 55 1001 56 0 0
2180 52 1001 53 0 0
2181 55 1001 55 0 0
2182 56 1000 57 0 0
2183 54 1001 55 0 0
2184 55 1001 56 0 0
2185 52 1001 53 0 0
2186 55 1001 56 0 0
2187 56 1000 57 0 0
2188 55 1001 56 0 0
2189 55 1000 56 0 0
2190 52 1001 53 0 0
2191 54 1001 55 0 0
2192 55 1001 56 0 0
2193 54 1000 54 0 0
2194 54 1000 55 0 0
2195 55 1000 56 0 0
2196 54 1001 55 0 0
2197 53 1001 54 0 0
2198 54 1001 55 0 0
2199 54 1001 54 0 0
2200 52 1001 53 0 0
2201 54 1001 55 0 0
2202 53 1001 53 0 0
2203 54 1001 54 0 0
2204 52 1001 53 0 0
2205 55 1001 56 0 0
2206 55 1001 55 0 0
2207 54 1001 55 0 0
2208 55 1000 56 0 0
2209 53 1001 54 0 0
2210 54 1001 55 0 0
2211 55 1001 55 0 0
2212 52 1001 53 0 0
2213 54 1001 55 0 0
2214 55 1001 56 0 0
2215 52 1000 52 0 0
2216 51 1001 52 0 0
2217 44 1001 45 0 0
2218 41 1001 42 0 0
2219 40 1000 41 0 0
2220 35 1001 36 0 0
2221 39 1001 39 0 0
2222 38 1001 39 0 0
2223 38 1000 39 0 0
2224 38 1000 38 0 0
2225 36 1001 37 0 0
2226 38 1001 39 0 0
2227 36 1001 37 0 0
2228 34 1001 35 0 0
2229 38 1001 39 0 0
2230 38 1000 38 0 0
2231 38 1001 39 0 0
2232 37 1000 38 0 0
2233 35 1001 36 0 0
2234 39 1001 40 0 0
2235 37 1001 37 0 0
2236 40 1001 41 0 0
2237 36 1001 36 0 0
2238 35 1001 36 0 0
2239 39 1001 40 0 0
2240 38 1001 39 0 0
2241 37 1001 38 0 0
2242 38 1001 39 0 0
2243 37 1001 38 0 0
2244 36 1001 37 0 0
2245 38 1001 39 0 0
2246 38 1000 39 0 0
2247 37 1001 38 0 0
2248 39 1001 40 0 0
2249 40 1001 41 0 0
2250 44 1001 45 0 0
2251 40 1001 41 0 0
2252 31 1001 31 0 0
2253 39 1001 40 0 0
2254 38 1001 39 0 0
2255 38 1001 39 0 0
2256 39 999 39 0 0
2257 38 1000 39 0 0
2258 42 1000 42 0 0
2259 43 1001 43 0 0
2260 43 1000 43 0 0
2261 43 1001 44 0 0
2262 42 1000 42 0 0
2263 42 1000 43 0 0
2264 42 1002 43 0 0
2265 42 1001 43 0 0
2266 45 1001 45 0 0
2267 45 1001 45 0 0
2268 48 1001 49 0 0
2269 49 1001 50 0 0
2270 48 1000 49 0 0
2271 50 1000 50 0 0
2272 50 1001 51 0 0
2273 51 1001 52 0 0
2274 52 1001 53 0 0
2275 56 1001 56 0 0
2276 52 1001 52 0 0
2277 52 1001 53 0 0
2278 53 1001 54 0 0
2279 53 1001 54 0 0
2280 57 1001 58 0 0
2281 53 1000 53 0 0
2282 51 1001 52 0 0
2283 55 1001 56 0 0
2284 55 1001 56 0 0
2285 53 1001 53 0 0
2286 56 1001 57 0 0
2287 54 1000 55 0 0
2288 57 1001 58 0 0
2289 54 1001 55 0 0
2290 52 1001 52 0 0
2291 57 1001 58 0 0
2292 56 1000 57 0 0
2293 57 1001 58 0 0
2294 55 1001 55 0 0
2295 56 1000 57 0 0
2296 55 1000 55 0 0
2297 52 1001 53 0 0
2298 57 1001 58 0 0
2299 56 1000 57 0 0
2300 58 1001 59 0 0
2301 54 1001 55 0 0
2302 53 1001 54 0 0
2303 56 1001 57 0 0
2304 57 1001 58 0 0
2305 54 1001 55 0 0
2306 57 1000 58 0 0
2307 58 1001 59 0 0
2308 59 1002 60 0 0
2309 55 1001 56 0 0
2310 52 1000 53 0 0
2311 58 1001 58 0 0
2312 56 1001 57 0 0
2313 57 1001 57 0 0
2314 56 1001 56 0 0
2315 55 1000 56 0 0
2316 56 1002 57 0 0
2317 56 1001 57 0 0
2318 56 1001 57 0 0
2319 54 1001 55 0 0
2320 56 1001 57 0 0
2321 54 1001 55 0 0
2322 56 1001 57 0 0
2323 56 1001 57 0 0
2324 56 1000 57 0 0
2325 58 1000 59 0 0
2326 56 1000 57 0 0
2327 60 1001 61 0 0
2328 55 1000 55 0 0
2329 55 1000 55 0 0
2330 59 1000 59 0 0
2331 60 1000 61 0 0
2332 58 1000 59 0 0
2333 62 1001 63 0 0
2334 61 1001 62 0 0
2335 61 1001 62 0 0
2336 62 1000 63 0 0
2337 61 1001 61 0 0
2338 60 1000 61 0 0
2339 62 1001 63 0 0
2340 61 1001 62 0 0
2341 61 1001 62 0 0
2342 59 1000 60 0 0
2343 61 1001 62 0 0
2344 61 1001 62 0 0
2345 60 1001 61 0 0
2346 60 1000 61 0 0
2347 61 1001 62 0 0
2348 60 1001 61 0 0
2349 60 1000 61 0 0
2350 61 1001 61 0 0
2351 61 1001 62 0 0
2352 60 1001 61 0 0
2353 60 1001 61 0 0
2354 61 1001 62 0 0
2355 60 1000 61 0 0
2356 62 1000 63 0 0
2357 59 1001 59 0 0
2358 61 1001 62 0 0
2359 62 1000 62 0 0
2360 60 1001 61 0 0
2361 61 1001 62 0 0
2362 62 1001 63 0 0
2363 60 1000 61 0 0
2364 62 1001 63 0 0
2365 60 1000 61 0 0
2366 60 1000 61 0 0
2367 59 1001 60 0 0
2368 61 1001 62 0 0
2369 61 1001 62 0 0
2370 59 1001 59 0 0
2371 61 1000 62 0 0
2372 61 1001 62 0 0
2373 60 1001 61 0 0
2374 61 1000 61 0 0
2375 59 1002 59 0 0
2376 62 1001 62 0 0
2377 61 1000 62 0 0
2378 61 1001 61 0 0
2379 62 1001 63 0 0
2380 59 1000 59 0 0
2381 62 1000 63 0 0
2382 62 1001 62 0 0
2383 58 1000 59 0 0
2384 61 1001 61 0 0
2385 62 1001 63 0 0
2386 59 1001 60 0 0
2387 61 1001 61 0 0
2388 62 1001 63 0 0
2389 60 1001 61 0 0
2390 60 1001 61 0 0
2391 59 1001 60 0 0
2392 62 1001 63 0 0
2393 62 1001 63 0 0
2394 60 1001 61 0 0
2395 62 1000 62 0 0
2396 61 1000 62 0 0
2397 60 1000 61 0 0
2398 59 1000 60 0 0
2399 62 1000 63 0 0
2400 63 1001 64 0 0
2401 60 1001 61 0 0
2402 61 1000 62 0 0
2403 63 1001 64 0 0
2404 61 1001 62 0 0
2405 63 1001 64 0 0
2406 62 1000 63 0 0
2407 62 1001 63 0 0
2408 59 1001 60 0 0
2409 62 1001 63 0 0
2410 60 1001 61 0 0
2411 62 1002 63 0 0
2412 63 1001 64 0 0
2413 62 1001 63 0 0
2414 61 1000 62 0 0
2415 61 1001 62 0 0
2416 62 1001 62 0 0
2417 59 1002 60 0 0
2418 62 1000 63 0 0
2419 62 1001 63 0 0
2420 61 1001 62 0 0
2421 60 1001 61 0 0
2422 63 1001 64 0 0
2423 62 1001 63 0 0
2424 63 1000 63 0 0
2425 63 1001 64 0 0
2426 68 1000 69 0 0
2427 75 1001 76 0 0
2428 75 1001 76 0 0
2429 76 1000 76 0 0
2430 78 1000 79 0 0
2431 78 999 79 0 0
2432 78 1000 79 0 0
2433 77 1001 78 0 0
2434 78 1001 79 0 0
2435 79 1001 79 0 0
2436 78 1001 79 0 0
2437 79 1001 80 0 0
2438 78 1001 79 0 0
2439 77 1000 78 0 0
2440 79 1004 80 0 0
2441 74 991 75 0 0
2442 81 1007 82 0 0
2443 79 1005 80 0 0
2444 78 1000 79 0 0
2445 78 1000 79 0 0
2446 80 999 81 0 0
2447 80 1000 81 0 0
2448 78 1001 79 0 0
2449 73 992 73 0 0
2450 77 1001 78 0 0
2451 76 1001 77 0 0
2452 77 1008 78 0 0
2453 79 1004 80 0 0
2454 75 1001 76 0 0
2455 75 1007 76 0 0
2456 78 1005 79 0 0
2457 76 996 77 0 0
2458 72 1002 72 0 0
2459 72 999 73 0 0
2460 86 1008 87 0 0
2461 79 1005 80 0 0
2462 68 989 69 0 0
2463 75 1003 75 0 0
2464 79 1003 80 0 0
2465 80 1000 81 0 0
2466 76 1003 77 0 0
2467 70 991 71 0 0
2468 74 1007 75 0 0
2469 75 1004 76 0 0
2470 72 1000 73 0 0
2471 73 1000 74 0 0
2472 77 999 78 0 0
2473 72 1008 72 0 0
2474 78 1005 78 0 0
2475 61 992 62 0 0
2476 65 1003 66 0 0
2477 69 1003 70 0 0
2478 64 1000 65 0 0
2479 66 1004 67 0 0
2480 64 1000 65 0 0
2481 63 1007 64 0 0
2482 66 1005 67 0 0
2483 63 1000 64 0 0
2484 61 1001 62 0 0
2485 70 999 71 0 0
2486 61 1000 62 0 0
2487 61 1001 62 0 0
2488 57 992 57 0 0
2489 57 1001 58 0 0
2490 62 1001 63 0 0
2491 63 1000 64 0 0
2492 63 1004 64 0 0
2493 62 1000 62 0 0
2494 63 1001 64 0 0
2495 60 1001 61 0 0
2496 59 1000 60 0 0
2497 63 1000 64 0 0
2498 63 1000 64 0 0
2499 67 1000 68 0 0
2500 60 1000 61 0 0
2501 57 1000 58 0 0
2502 63 1000 63 0 0
2503 62 1000 62 0 0
2504 62 1001 63 0 0
2505 63 1001 64 0 0
2506 65 1001 66 0 0
2507 59 1001 60 0 0
2508 58 1001 58 0 0
2509 62 1001 63 0 0
2510 61 1002 62 0 0
2511 62 1001 63 0 0
2512 61 1001 62 0 0
2513 61 1002 62 0 0
2514 61 1001 62 0 0
2515 58 1001 59 0 0
2516 63 1001 64 0 0
2517 63 1001 64 0 0
2518 61 1001 62 0 0
2519 61 1001 62 0 0
2520 61 1001 62 0 0
2521 60 1000 61 0 0
2522 63 1001 64 0 0
2523 57 1001 58 0 0
2524 57 1001 57 0 0
2525 61 1000 62 0 0
2526 60 1001 61 0 0
2527 62 1001 63 0 0
2528 58 1001 59 0 0
2529 56 1001 57 0 0
2530 61 1000 62 0 0
2531 59 1000 60 0 0
2532 62 1000 63 0 0
2533 58 1000 58 0 0
2534 57 999 58 0 0
2535 58 1000 59 0 0
2536 58 1001 59 0 0
2537 58 1000 59 0 0
2538 56 1001 57 0 0
2539 56 1000 57 0 0
2540 55 1001 56 0 0
2541 54 1000 55 0 0
2542 54 1001 55 0 0
2543 54 1001 55 0 0
2544 54 1001 55 0 0
2545 53 1001 54 0 0
2546 55 1000 56 0 0
2547 53 1001 53 0 0
2548 55 1000 56 0 0
2549 54 1001 55 0 0
2550 56 1001 57 0 0
2551 55 1001 56 0 0
2552 55 1000 56 0 0
2553 56 1001 57 0 0
2554 55 1000 56 0 0
2555 56 1001 57 0 0
2556 56 1000 57 0 0
2557 55 1001 56 0 0
2558 56 1001 57 0 0
2559 56 1001 57 0 0
2560 55 1001 55 0 0
2561 55 1001 56 0 0
2562 52 1001 53 0 0
2563 55 1001 56 0 0
2564 56 1000 57 0 0
2565 55 1000 55 0 0
2566 55 1001 56 0 0
2567 55 1000 56 0 0
2568 54 1001 55 0 0
2569 56 1001 56 0 0
2570 55 1001 55 0 0
2571 54 1000 55 0 0
2572 53 1000 54 0 0
2573 54 1001 55 0 0
2574 54 1000 55 0 0
2575 55 1001 56 0 0
2576 52 1001 53 0 0
2577 56 1001 57 0 0
2578 55 1000 56 0 0
2579 54 1000 55 0 0
2580 55 1000 56 0 0
2581 53 1001 53 0 0
2582 55 1002 56 0 0
2583 56 1001 57 0 0
2584 53 1001 54 0 0
2585 56 1001 57 0 0
2586 56 1001 56 0 0
2587 54 1001 55 0 0
2588 55 1001 56 0 0
2589 55 1000 55 0 0
2590 54 1001 55 0 0
2591 55 1001 56 0 0
2592 54 1001 55 0 0
2593 54 1001 55 0 0
2594 54 1001 55 0 0
2595 55 1001 56 0 0
2596 53 1000 54 0 0
2597 55 1001 56 0 0
2598 56 1001 57 0 0
2599 55 1000 56 0 0
2600 55 1000 56 0 0
2601 55 1000 55 0 0
2602 55 1001 56 0 0
2603 54 1001 54 0 0
2604 55 1000 56 0 0
2605 52 1000 53 0 0
2606 54 1001 55 0 0
2607 54 1001 55 0 0
2608 54 1001 55 0 0
2609 54 1001 55 0 0
2610 53 1001 54 0 0
2611 53 1001 54 0 0
2612 52 1001 53 0 0
2613 55 1001 56 0 0
2614 54 1001 55 0 0
2615 53 1001 54 0 0
2616 53 1001 54 0 0
2617 54 1001 54 0 0
2618 53 1001 54 0 0
2619 52 1001 53 0 0
2620 54 1001 54 0 0
2621 53 1000 54 0 0
2622 53 1001 54 0 0
2623 55 1001 56 0 0
2624 54 1000 55 0 0
2625 54 1001 54 0 0
2626 55 1001 56 0 0
2627 54 1000 55 0 0
2628 54 1001 55 0 0
2629 54 1000 55 0 0
2630 54 1001 54 0 0
2631 53 1001 54 0 0
2632 51 1001 52 0 0
2633 49 1001 49 0 0
2634 43 1000 44 0 0
2635 39 1001 40 0 0
2636 39 1000 40 0 0
2637 39 1001 40 0 0
2638 36 1000 37 0 0
2639 37 1000 38 0 0
2640 37 1001 38 0 0
2641 36 1000 37 0 0
2642 38 1001 38 0 0
2643 38 1001 39 0 0
2644 35 1001 36 0 0
2645 37 1001 38 0 0
2646 39 1001 40 0 0
2647 36 1001 37 0 0
2648 38 1000 38 0 0
2649 37 1000 38 0 0
2650 37 1001 38 0 0
2651 38 1001 39 0 0
2652 36 1001 37 0 0
2653 37 1000 38 0 0
2654 38 1001 39 0 0
2655 37 1000 38 0 0
2656 36 1001 37 0 0
2657 38 1001 39 0 0
2658 36 1002 37 0 0
2659 39 1001 40 0 0
2660 38 1001 39 0 0
2661 40 1001 41 0 0
2662 36 1001 37 0 0
2663 35 1000 35 0 0
2664 39 1002 40 0 0
2665 39 1001 40 0 0
2666 42 1001 43 0 0
2667 44 1000 45 0 0
2668 36 1000 37 0 0
2669 35 1001 35 0 0
2670 40 1000 41 0 0
2671 40 1000 40 0 0
2672 35 1000 36 0 0
2673 39 1000 40 0 0
2674 40 1000 40 0 0
2675 39 1001 40 0 0
2676 44 1001 44 0 0
2677 43 1001 43 0 0
2678 42 1000 43 0 0
2679 44 1001 45 0 0
2680 43 1001 43 0 0
2681 43 1001 44 0 0
2682 44 1001 45 0 0
2683 42 1001 43 0 0
2684 47 1001 48 0 0
2685 49 1001 49 0 0
2686 47 1001 47 0 0
2687 50 1001 51 0 0
2688 51 1001 52 0 0
2689 52 1001 53 0 0
2690 51 1001 52 0 0
2691 49 1001 49 0 0
2692 53 1000 54 0 0
2693 54 1001 55 0 0
2694 55 1000 55 0 0
2695 54 1001 55 0 0
2696 57 1000 58 0 0
2697 53 1001 54 0 0
2698 55 1001 56 0 0
2699 53 1000 54 0 0
2700 50 1001 51 0 0
2701 57 1000 58 0 0
2702 54 1001 54 0 0
2703 56 1000 57 0 0
2704 56 1001 57 0 0
2705 56 1000 57 0 0
2706 53 1000 54 0 0
2707 51 1001 52 0 0
2708 55 1000 56 0 0
2709 56 1001 57 0 0
2710 53 1000 53 0 0
2711 56 1001 57 0 0
2712 58 1002 58 0 0
2713 55 1001 56 0 0
2714 54 1001 55 0 0
2715 53 1001 54 0 0
2716 56 1000 57 0 0
2717 56 1001 57 0 0
2718 56 1000 57 0 0
2719 57 1000 57 0 0
2720 59 1001 60 0 0
2721 54 1000 55 0 0
2722 52 1001 53 0 0
2723 57 1001 58 0 0
2724 58 1000 58 0 0
2725 56 1001 57 0 0
2726 56 1001 57 0 0
2727 55 1000 56 0 0
2728 56 1001 57 0 0
2729 57 1001 58 0 0
2730 54 1001 55 0 0
2731 55 1001 55 0 0
2732 57 1001 58 0 0
2733 54 1001 55 0 0
2734 58 1001 58 0 0
2735 58 1001 58 0 0
2736 59 1000 60 0 0
2737 57 1001 58 0 0
2738 53 1000 54 0 0
2739 57 1000 58 0 0
2740 58 1000 59 0 0
2741 59 1001 60 0 0
2742 54 1000 55 0 0
2743 54 1000 55 0 0
2744 59 1001 59 0 0
2745 56 1000 57 0 0
2746 59 1000 60 0 0
2747 57 1001 58 0 0
2748 59 1001 60 0 0
2749 61 1001 61 0 0
2750 58 1001 59 0 0
2751 62 1001 62 0 0
2752 62 1001 63 0 0
2753 59 1000 60 0 0
2754 61 1001 62 0 0
2755 61 1001 62 0 0
2756 59 1001 60 0 0
2757 62 1001 62 0 0
2758 61 1000 62 0 0
2759 60 1001 61 0 0
2760 59 1001 60 0 0
2761 61 1001 62 0 0
2762 59 1001 60 0 0
2763 61 1001 61 0 0
2764 59 1000 60 0 0
2765 61 1001 62 0 0
2766 61 1001 62 0 0
2767 59 1001 60 0 0
2768 61 1001 62 0 0
2769 59 1001 60 0 0
2770 61 1000 62 0 0
2771 61 1000 62 0 0
2772 60 1000 60 0 0
2773 59 1001 60 0 0
2774 61 1000 62 0 0
2775 62 1000 63 0 0
2776 59 1001 60 0 0
2777 61 1000 62 0 0
2778 62 1000 63 0 0
2779 61 1001 62 0 0
2780 60 1001 61 0 0
2781 62 1001 63 0 0
2782 60 1000 61 0 0
2783 61 1001 61 0 0
2784 59 1001 60 0 0
2785 59 1001 60 0 0
2786 62 1001 63 0 0
2787 60 1001 61 0 0
2788 61 1001 62 0 0
2789 60 1001 61 0 0
2790 61 1001 62 0 0
2791 59 1001 60 0 0
2792 62 1002 63 0 0
2793 60 1001 61 0 0
2794 62 1001 62 0 0
2795 62 1001 63 0 0
2796 61 1001 62 0 0
2797 62 1001 62 0 0
2798 59 1001 60 0 0
2799 61 1000 62 0 0
2800 60 1001 61 0 0
2801 63 1001 63 0 0
2802 59 1001 60 0 0
2803 62 1001 63 0 0
2804 63 1000 64 0 0
2805 61 1001 62 0 0
2806 62 1001 62 0 0
2807 61 1000 62 0 0
2808 61 1001 62 0 0
2809 60 1001 61 0 0
2810 61 1000 62 0 0
2811 59 1001 60 0 0
2812 61 1000 62 0 0
2813 62 1001 62 0 0
2814 61 1001 61 0 0
2815 62 1001 63 0 0
2816 60 1001 61 0 0
2817 61 1001 62 0 0
2818 59 1001 60 0 0
2819 61 1001 62 0 0
2820 62 1001 63 0 0
2821 61 1001 62 0 0
2822 61 1001 62 0 0
2823 62 1001 63 0 0
2824 62 1001 62 0 0
2825 63 1000 63 0 0
2826 62 1001 62 0 0
2827 63 1000 63 0 0
2828 60 1001 61 0 0
2829 62 1001 63 0 0
2830 62 1000 62 0 0
2831 61 1000 62 0 0
2832 60 1001 61 0 0
2833 61 1001 62 0 0
2834 60 1001 61 0 0
2835 61 1001 62 0 0
2836 59 1001 60 0 0
2837 61 1001 62 0 0
2838 62 1001 63 0 0
2839 61 1000 62 0 0
2840 61 1001 62 0 0
2841 63 1000 64 0 0
2842 69 1001 69 0 0
2843 70 1001 71 0 0
2844 75 1000 76 0 0
2845 77 1001 77 0 0
2846 77 1000 78 0 0
2847 81 1001 82 0 0
2848 76 1001 77 0 0
2849 77 1000 78 0 0
2850 83 1001 84 0 0
2851 75 1001 76 0 0
2852 78 1000 79 0 0
2853 81 1001 82 0 0
2854 75 1000 76 0 0
2855 77 1001 78 0 0
2856 79 1001 80 0 0
2857 75 1001 76 0 0
2858 76 1001 77 0 0
2859 78 1001 78 0 0
2860 78 1001 79 0 0
2861 77 1000 78 0 0
2862 80 1001 81 0 0
2863 78 1001 79 0 0
2864 77 1002 78 0 0
2865 79 1001 80 0 0
2866 79 1001 80 0 0
2867 76 1001 77 0 0
2868 76 1001 77 0 0
2869 77 1001 77 0 0
2870 78 1001 79 0 0
2871 76 1000 77 0 0
2872 77 1001 78 0 0
2873 82 1000 83 0 0
2874 74 1000 75 0 0
2875 70 1000 71 0 0
2876 77 1000 77 0 0
2877 79 1000 80 0 0
2878 75 1000 76 0 0
2879 75 1000 76 0 0
2880 78 1000 79 0 0
2881 77 1001 78 0 0
2882 75 1001 76 0 0
2883 75 1001 76 0 0
2884 73 1001 74 0 0
2885 74 1001 75 0 0
2886 71 1000 72 0 0
2887 73 1001 73 0 0
2888 74 1001 75 0 0
2889 72 1000 73 0 0
2890 75 1004 76 0 0
2891 66 991 67 0 0
2892 68 1007 69 0 0
2893 70 1005 71 0 0
2894 67 1000 68 0 0
2895 65 1001 66 0 0
2896 70 999 71 0 0
2897 69 1000 70 0 0
2898 61 1001 62 0 0
2899 52 992 53 0 0
2900 60 1001 61 0 0
2901 63 1001 64 0 0
2902 59 1000 60 0 0
2903 64 1004 65 0 0
2904 61 1001 62 0 0
2905 62 1007 63 0 0
2906 65 1005 66 0 0
2907 64 995 64 0 0
2908 60 1002 61 0 0
2909 62 999 63 0 0
2910 64 1004 65 0 0
2911 64 1005 65 0 0
2912 53 990 54 0 0
2913 61 1003 62 0 0
2914 65 1003 66 0 0
2915 60 1000 61 0 0
2916 62 1002 63 0 0
2917 59 991 60 0 0
2918 66 1007 67 0 0
2919 62 1005 63 0 0
2920 61 1000 62 0 0
2921 64 1000 64 0 0
2922 64 999 65 0 0
2923 60 1004 61 0 0
2924 63 1005 64 0 0
2925 57 992 58 0 0
2926 61 1003 62 0 0
2927 63 1003 64 0 0
2928 60 1000 61 0 0
2929 62 1004 63 0 0
2930 62 1001 63 0 0
2931 61 1007 62 0 0
2932 62 1005 63 0 0
2933 62 1001 63 0 0
2934 58 1001 58 0 0
2935 59 999 59 0 0
2936 63 1000 64 0 0
2937 62 1002 63 0 0
2938 54 992 54 0 0
2939 59 1000 60 0 0
2940 58 1001 58 0 0
2941 61 1000 62 0 0
2942 62 1003 62 0 0
2943 61 1000 62 0 0
2944 57 1000 58 0 0
2945 56 1000 57 0 0
2946 60 1000 61 0 0
2947 61 999 62 0 0
2948 61 1000 62 0 0
2949 58 1000 59 0 0
2950 55 1001 56 0 0
2951 60 1001 60 0 0
2952 57 1001 58 0 0
2953 58 1001 59 0 0
2954 59 1001 60 0 0
2955 57 1001 58 0 0
2956 56 1000 57 0 0
2957 54 1001 55 0 0
2958 56 1001 57 0 0
2959 53 1000 54 0 0
2960 56 1001 57 0 0
2961 55 1000 56 0 0
2962 55 1001 56 0 0
2963 54 1001 55 0 0
2964 54 1001 55 0 0
2965 55 1001 56 0 0
2966 55 1001 55 0 0
2967 56 1000 56 0 0
2968 54 1001 55 0 0
2969 54 1001 55 0 0
2970 54 1001 55 0 0
2971 57 1001 58 0 0
2972 56 1001 57 0 0
2973 56 1000 56 0 0
2974 56 1000 56 0 0
2975 53 1000 54 0 0
2976 57 999 58 0 0
2977 56 1000 56 0 0
2978 53 1000 54 0 0
2979 56 1000 57 0 0
2980 55 1000 56 0 0
2981 52 1000 53 0 0
2982 55 1001 56 0 0
2983 56 1000 56 0 0
2984 54 1001 55 0 0
2985 55 1002 55 0 0
2986 53 1001 54 0 0
2987 57 1001 58 0 0
2988 56 1001 57 0 0
2989 55 1001 56 0 0
2990 55 1001 55 0 0
2991 56 1000 56 0 0
2992 55 1001 56 0 0
2993 55 1000 56 0 0
2994 55 1001 56 0 0
2995 55 1001 56 0 0
2996 55 1000 56 0 0
2997 53 1001 54 0 0
2998 55 1001 56 0 0
2999 56 1000 57 0 0
3000 55 1001 56 0 0
3001 56 1001 57 0 0
3002 55 1001 55 0 0
3003 55 1001 56 0 0
3004 52 1000 53 0 0
3005 55 1001 56 0 0
3006 55 1001 56 0 0
3007 54 1001 55 0 0
3008 55 1001 56 0 0
3009 56 1002 57 0 0
3010 55 1000 56 0 0
3011 55 1001 56 0 0
3012 54 1001 55 0 0
3013 55 1001 56 0 0
3014 55 1000 56 0 0
3015 55 1000 56 0 0
3016 55 1000 56 0 0
3017 55 1001 56 0 0
3018 54 1001 55 0 0
3019 54 1001 55 0 0
3020 56 1001 56 0 0
3021 54 1000 55 0 0
3022 54 1001 55 0 0
3023 54 1001 55 0 0
3024 54 1001 55 0 0
3025 54 1000 55 0 0
3026 52 1001 53 0 0
3027 54 1001 55 0 0
3028 55 1001 56 0 0
3029 54 1001 55 0 0
3030 54 1001 55 0 0
3031 51 1001 52 0 0
3032 53 1001 54 0 0
3033 54 1001 55 0 0
3034 53 1001 53 0 0
3035 53 1000 54 0 0
3036 52 1001 53 0 0
3037 52 1000 53 0 0
3038 52 1001 53 0 0
3039 54 1001 55 0 0
3040 52 1001 53 0 0
3041 55 1000 55 0 0
3042 56 1001 56 0 0
3043 53 1000 54 0 0
3044 55 1001 56 0 0
3045 54 1001 55 0 0
3046 55 1000 56 0 0
3047 53 1000 54 0 0
3048 52 1000 53 0 0
3049 52 1000 53 0 0
3050 46 1000 46 0 0
3051 42 1000 43 0 0
3052 41 1001 42 0 0
3053 37 1001 38 0 0
3054 35 1001 36 0 0
3055 38 1001 39 0 0
3056 36 1000 37 0 0
3057 35 1001 36 0 0
3058 37 1001 37 0 0
3059 36 1001 37 0 0
3060 38 1001 39 0 0
3061 37 1001 38 0 0
3062 38 1001 38 0 0
3063 38 1001 39 0 0
3064 38 1000 38 0 0
3065 39 1001 40 0 0
3066 38 1001 39 0 0
3067 37 1000 38 0 0
3068 39 1001 40 0 0
3069 35 1000 36 0 0
3070 38 1001 39 0 0
3071 39 1001 40 0 0
3072 36 1001 37 0 0
3073 39 1001 40 0 0
3074 39 1000 40 0 0
3075 36 1001 37 0 0
3076 36 1001 37 0 0
3077 37 1001 37 0 0
3078 39 1000 39 0 0
3079 39 1000 40 0 0
3080 38 1000 39 0 0
3081 37 1001 38 0 0
3082 40 1001 41 0 0
3083 46 1001 47 0 0
3084 40 1001 40 0 0
3085 35 1001 35 0 0
3086 39 1001 40 0 0
3087 38 1001 39 0 0
3088 35 1001 36 0 0
3089 38 1001 39 0 0
3090 37 1001 38 0 0
3091 41 1001 42 0 0
3092 41 1001 42 0 0
3093 40 1001 41 0 0
3094 45 1001 46 0 0
3095 43 1001 44 0 0
3096 43 1001 44 0 0
3097 43 1001 44 0 0
3098 40 1001 41 0 0
3099 45 1001 46 0 0
3100 46 1001 47 0 0
3101 46 1001 47 0 0
3102 49 1001 50 0 0
3103 49 1001 50 0 0
3104 50 1001 50 0 0
3105 56 1001 56 0 0
3106 48 1000 49 0 0
3107 51 1000 51 0 0
3108 52 1001 52 0 0
3109 49 1001 49 0 0
3110 55 1001 56 0 0
3111 50 1001 51 0 0
3112 55 1000 56 0 0
3113 55 1000 56 0 0
3114 54 1000 54 0 0
3115 55 1000 56 0 0
3116 58 1001 59 0 0
3117 53 1000 54 0 0
3118 51 1000 52 0 0
3119 57 1001 58 0 0
3120 55 1000 55 0 0
3121 56 1000 57 0 0
3122 55 1001 56 0 0
3123 59 1001 60 0 0
3124 53 1000 54 0 0
3125 51 1000 52 0 0
3126 56 1001 57 0 0
3127 55 1000 56 0 0
3128 54 1001 55 0 0
3129 56 1001 57 0 0
3130 58 1001 59 0 0
3131 54 1001 54 0 0
3132 53 1001 54 0 0
3133 56 1001 57 0 0
3134 56 1001 57 0 0
3135 58 1001 59 0 0
3136 54 1001 55 0 0
3137 60 1001 61 0 0
3138 53 1000 54 0 0
3139 55 1001 55 0 0
3140 56 1001 57 0 0
3141 52 1001 53 0 0
3142 58 1001 58 0 0
3143 55 1001 56 0 0
3144 57 1001 57 0 0
3145 56 1001 56 0 0
3146 58 1000 59 0 0
3147 53 1001 54 0 0
3148 53 1000 53 0 0
3149 58 1000 59 0 0
3150 57 1001 58 0 0
3151 58 1000 59 0 0
3152 55 1000 56 0 0
3153 56 1000 57 0 0
3154 56 1001 57 0 0
3155 54 1001 55 0 0
3156 57 1001 57 0 0
3157 58 1001 59 0 0
3158 60 1001 61 0 0
3159 54 1001 55 0 0
3160 53 1001 54 0 0
3161 56 1002 57 0 0
3162 58 1001 59 0 0
3163 59 1001 59 0 0
3164 58 1000 59 0 0
3165 59 1001 60 0 0
3166 59 1001 60 0 0
3167 62 1001 63 0 0
3168 62 1001 63 0 0
3169 60 1001 61 0 0
3170 62 1001 63 0 0
3171 62 1001 63 0 0
3172 60 1001 61 0 0
3173 60 1001 60 0 0
3174 62 1000 63 0 0
3175 61 1002 62 0 0
3176 60 1001 61 0 0
3177 61 1001 62 0 0
3178 58 1002 58 0 0
3179 60 1001 61 0 0
3180 62 1001 63 0 0
3181 59 1000 60 0 0
3182 61 1001 61 0 0
3183 60 1000 61 0 0
3184 60 1000 61 0 0
3185 60 1000 61 0 0
3186 59 1000 60 0 0
3187 62 1001 63 0 0
3188 60 1000 61 0 0
3189 61 1001 62 0 0
3190 59 1001 60 0 0
3191 62 1001 63 0 0
3192 61 1001 62 0 0
3193 59 1001 60 0 0
3194 61 1000 62 0 0
3195 61 1001 62 0 0
3196 59 1000 59 0 0
3197 61 1001 62 0 0
3198 61 1001 62 0 0
3199 59 1000 60 0 0
3200 61 1001 61 0 0
3201 61 1001 62 0 0
3202 58 1001 59 0 0
3203 60 1001 61 0 0
3204 61 1001 62 0 0
3205 61 1000 61 0 0
3206 61 1001 62 0 0
3207 59 1001 60 0 0
3208 61 1001 62 0 0
3209 62 1002 63 0 0
3210 61 1001 62 0 0
3211 60 1001 61 0 0
3212 59 1001 60 0 0
3213 61 1001 62 0 0
3214 62 1001 63 0 0
3215 61 1000 62 0 0
3216 61 999 61 0 0
3217 61 1001 62 0 0
3218 61 1000 62 0 0
3219 60 1000 61 0 0
3220 61 1000 62 0 0
3221 61 1000 62 0 0
3222 61 1000 61 0 0
3223 60 1000 61 0 0
3224 60 1000 61 0 0
3225 60 1001 61 0 0
3226 62 1000 62 0 0
3227 60 1001 61 0 0
3228 62 1001 63 0 0
3229 59 1001 59 0 0
3230 62 1001 63 0 0
3231 60 1001 61 0 0
3232 62 1001 63 0 0
3233 63 1001 64 0 0
3234 61 1001 62 0 0
3235 62 1001 63 0 0
3236 61 1001 62 0 0
3237 62 1000 63 0 0
3238 61 1001 62 0 0
3239 62 1000 63 0 0
3240 62 1001 63 0 0
3241 62 1001 62 0 0
3242 61 1001 62 0 0
3243 64 1001 65 0 0
3244 63 1001 64 0 0
3245 62 1001 63 0 0
3246 63 1001 64 0 0
3247 61 1000 62 0 0
3248 62 1000 63 0 0
3249 59 1000 60 0 0
3250 63 1000 63 0 0
3251 62 1001 63 0 0
3252 59 1000 60 0 0
3253 61 1000 62 0 0
3254 62 1000 63 0 0
3255 62 1000 63 0 0
3256 61 1000 62 0 0
3257 61 1001 62 0 0
3258 64 1001 65 0 0
3259 71 1001 71 0 0
3260 72 1001 73 0 0
3261 75 1000 76 0 0
3262 77 1001 78 0 0
3263 78 1001 78 0 0
3264 77 1001 78 0 0
3265 78 1001 79 0 0
3266 80 1001 80 0 0
3267 78 1001 79 0 0
3268 77 1000 78 0 0
3269 80 1000 81 0 0
3270 77 1001 78 0 0
3271 77 1000 77 0 0
3272 79 1001 80 0 0
3273 76 1001 77 0 0
3274 78 1000 79 0 0
3275 80 1001 80 0 0
3276 77 1001 78 0 0
3277 80 1001 80 0 0
3278 79 1001 80 0 0
3279 82 1001 83 0 0
3280 76 1001 77 0 0
3281 75 1001 76 0 0
3282 76 1001 77 0 0
3283 77 1001 78 0 0
3284 79 1001 80 0 0
3285 78 1000 78 0 0
3286 79 1001 80 0 0
3287 77 1001 78 0 0
3288 76 1001 77 0 0
3289 76 1001 77 0 0
3290 77 1000 78 0 0
3291 75 1000 76 0 0
3292 70 1002 71 0 0
3293 78 1000 78 0 0
3294 79 1001 79 0 0
3295 77 1001 78 0 0
3296 78 1000 79 0 0
3297 77 1001 78 0 0
3298 79 1001 80 0 0
3299 78 1001 79 0 0
3300 72 1002 72 0 0
3301 71 1000 71 0 0
3302 72 1001 73 0 0
3303 71 1001 72 0 0
3304 72 1002 73 0 0
3305 74 1001 75 0 0
3306 72 1001 73 0 0
3307 70 1001 71 0 0
3308 72 1001 73 0 0
3309 67 1001 68 0 0
3310 67 1001 67 0 0
3311 68 1001 69 0 0
3312 63 1001 64 0 0
3313 61 1001 61 0 0
3314 65 1001 66 0 0
3315 64 1002 65 0 0
3316 64 1001 65 0 0
3317 63 1001 64 0 0
3318 62 1001 62 0 0
3319 63 1000 64 0 0
3320 63 1001 64 0 0
3321 64 1000 64 0 0
3322 61 1000 61 0 0
3323 63 1001 64 0 0
3324 64 1000 65 0 0
3325 60 1001 61 0 0
3326 61 1001 62 0 0
3327 61 1001 62 0 0
3328 60 1001 61 0 0
3329 62 1001 63 0 0
3330 60 1001 61 0 0
3331 59 1001 60 0 0
3332 62 1001 62 0 0
3333 60 1001 61 0 0
3334 64 1001 65 0 0
3335 63 1001 64 0 0
3336 61 1001 62 0 0
3337 62 1001 63 0 0
3338 63 1000 64 0 0
3339 61 1008 62 0 0
3340 60 1004 61 0 0
3341 56 991 57 0 0
3342 59 1007 59 0 0
3343 65 1005 65 0 0
3344 61 1000 61 0 0
3345 63 1001 64 0 0
3346 63 999 64 0 0
3347 59 1000 59 0 0
3348 63 1001 64 0 0
3349 56 992 57 0 0
3350 60 1001 61 0 0
3351 61 1002 62 0 0
3352 62 1000 64 0 0
3353 60 1004 61 0 0
3354 55 1000 56 0 0
3355 62 1007 63 0 0
3356 63 1005 64 0 0
3357 60 996 61 0 0
3358 59 1002 60 0 0
3359 60 999 61 0 0
3360 61 1008 62 0 0
3361 61 1006 62 0 0
3362 54 992 55 0 0
3363 57 1003 58 0 0
3364 62 1003 63 0 0
3365 58 1000 59 0 0
3366 55 1004 56 0 0
3367 56 991 57 0 0
3368 60 1007 61 0 0
3369 63 1006 63 0 0
3370 56 1000 56 0 0
3371 56 1000 57 0 0
3372 59 999 60 0 0
3373 58 1004 58 0 0
3374 58 1005 58 0 0
3375 47 990 48 0 0
3376 53 1003 54 0 0
3377 56 1003 57 0 0
3378 55 1000 56 0 0
3379 55 1004 56 0 0
3380 53 1001 54 0 0
3381 55 1007 57 0 0
3382 58 1005 59 0 0
3383 54 1000 54 0 0
3384 55 1001 56 0 0
3385 57 999 57 0 0
3386 57 1000 58 0 0
3387 58 1000 59 0 0
3388 48 990 49 0 0
3389 55 1001 56 0 0
3390 56 1000 57 0 0
3391 53 1000 54 0 0
3392 55 1004 56 0 0
3393 56 1000 57 0 0
3394 53 1000 54 0 0
3395 55 1001 56 0 0
3396 55 1000 56 0 0
3397 53 1000 54 0 0
3398 55 1001 56 0 0
3399 56 1001 56 0 0
3400 53 1001 54 0 0
3401 55 1001 56 0 0
3402 55 1000 56 0 0
3403 55 1002 56 0 0
3404 55 1001 56 0 0
3405 54 1001 55 0 0
3406 53 1001 54 0 0
3407 53 1001 54 0 0
3408 55 1001 56 0 0
3409 56 1001 57 0 0
3410 54 1001 55 0 0
3411 55 1001 56 0 0
3412 53 1001 54 0 0
3413 56 1001 57 0 0
3414 56 1001 56 0 0
3415 54 1000 55 0 0
3416 55 1001 56 0 0
3417 55 1001 56 0 0
3418 55 1001 56 0 0
3419 52 1002 53 0 0
3420 55 1001 56 0 0
3421 55 1000 56 0 0
3422 56 1000 56 0 0
3423 56 1000 57 0 0
3424 53 1000 53 0 0
3425 55 1000 56 0 0
3426 56 1001 57 0 0
3427 55 1001 56 0 0
3428 55 1000 56 0 0
3429 52 1001 53 0 0
3430 55 1001 56 0 0
3431 56 1001 57 0 0
3432 54 1001 55 0 0
3433 55 1001 56 0 0
3434 52 1001 53 0 0
3435 56 1001 57 0 0
3436 53 1001 54 0 0
3437 56 1001 57 0 0
3438 56 1001 57 0 0
3439 54 1001 55 0 0
3440 54 1001 55 0 0
3441 53 1001 54 0 0
3442 54 1001 55 0 0
3443 54 1001 55 0 0
3444 55 1000 55 0 0
3445 54 1001 55 0 0
3446 54 1000 55 0 0
3447 52 1001 53 0 0
3448 54 1001 55 0 0
3449 54 1000 55 0 0
3450 56 1001 57 0 0
3451 55 1001 55 0 0
3452 54 1001 54 0 0
3453 54 1001 55 0 0
3454 51 1001 52 0 0
3455 56 1000 56 0 0
3456 55 1001 56 0 0
3457 54 1001 55 0 0
3458 54 1000 55 0 0
3459 54 1000 55 0 0
3460 54 1001 55 0 0
3461 55 1000 55 0 0
3462 52 1000 53 0 0
3463 54 1001 55 0 0
3464 54 1001 55 0 0
3465 51 1001 52 0 0
3466 47 1001 48 0 0
3467 40 1001 41 0 0
3468 41 1000 42 0 0
3469 39 1001 40 0 0
3470 35 1000 36 0 0
3471 39 999 40 0 0
3472 37 1001 38 0 0
3473 39 1001 40 0 0
3474 37 1000 38 0 0
3475 34 1000 35 0 0
3476 38 1001 38 0 0
3477 37 1001 38 0 0
3478 37 1001 38 0 0
3479 37 1001 38 0 0
3480 38 1001 38 0 0
3481 38 1001 39 0 0
3482 37 1001 38 0 0
3483 37 1001 38 0 0
3484 40 1001 41 0 0
3485 37 1000 38 0 0
3486 38 1001 38 0 0
3487 37 1001 38 0 0
3488 37 1001 37 0 0
3489 37 1000 38 0 0
3490 38 1000 38 0 0
3491 38 1000 39 0 0
3492 36 1000 37 0 0
3493 38 1001 39 0 0
3494 40 1000 41 0 0
3495 35 1001 36 0 0
3496 40 999 41 0 0
3497 39 1001 40 0 0
3498 38 1001 38 0 0
3499 44 1000 45 0 0
3500 42 1001 43 0 0
3501 35 1001 35 0 0
3502 37 1001 38 0 0
3503 40 1001 40 0 0
3504 39 1001 40 0 0
3505 36 1001 36 0 0
3506 39 1001 40 0 0
3507 40 1001 41 0 0
3508 41 1001 42 0 0
3509 41 1001 42 0 0
3510 43 1001 44 0 0
3511 44 1001 45 0 0
3512 43 1001 43 0 0
3513 42 1001 43 0 0
3514 41 1001 42 0 0
3515 43 1001 43 0 0
3516 43 1000 44 0 0
3517 46 1001 46 0 0
3518 48 1001 49 0 0
3519 47 1001 48 0 0
3520 51 1002 52 0 0
3521 52 1000 53 0 0
3522 52 1001 53 0 0
3523 50 1001 51 0 0
3524 55 1000 56 0 0
3525 52 1001 52 0 0
3526 49 1001 50 0 0
3527 55 1000 56 0 0
3528 53 1001 54 0 0
3529 57 1001 58 0 0
3530 53 1000 54 0 0
3531 52 1001 53 0 0
3532 57 1001 58 0 0
3533 53 1001 54 0 0
3534 52 1001 53 0 0
3535 56 1001 57 0 0
3536 55 1001 55 0 0
3537 52 1000 53 0 0
3538 57 1002 58 0 0
3539 55 1001 56 0 0
3540 54 1001 55 0 0
3541 57 1001 58 0 0
3542 57 1001 58 0 0
3543 54 1001 55 0 0
3544 53 1000 54 0 0
3545 56 1001 57 0 0
3546 55 1001 55 0 0
3547 52 1001 53 0 0
3548 56 1001 57 0 0
3549 57 1001 57 0 0
3550 56 1000 56 0 0
3551 57 1002 58 0 0
3552 58 1001 59 0 0
3553 54 1001 55 0 0
3554 56 1001 57 0 0
3555 57 1001 58 0 0
3556 55 1001 56 0 0
3557 53 1000 54 0 0
3558 57 1000 58 0 0
3559 56 1001 57 0 0
3560 59 1001 60 0 0
3561 54 1000 55 0 0
3562 52 1001 53 0 0
3563 58 1001 59 0 0
3564 56 1001 57 0 0
3565 57 1001 57 0 0
3566 56 1001 57 0 0
3567 59 1001 59 0 0
3568 54 1000 55 0 0
3569 51 1001 52 0 0
3570 57 1001 58 0 0
3571 58 1000 59 0 0
3572 58 1001 59 0 0
3573 55 1001 56 0 0
3574 54 1000 54 0 0
3575 58 1001 58 0 0
3576 57 1001 58 0 0
3577 59 1001 60 0 0
3578 56 1001 57 0 0
3579 57 1001 58 0 0
3580 59 1000 60 0 0
3581 59 1001 60 0 0
3582 59 1001 60 0 0
3583 61 1001 62 0 0
3584 59 1001 60 0 0
3585 62 1001 63 0 0
3586 60 1001 61 0 0
3587 61 1001 62 0 0
3588 60 1001 61 0 0
3589 62 1001 63 0 0
3590 62 1001 63 0 0
3591 60 1001 61 0 0
3592 61 1000 62 0 0
3593 60 1000 61 0 0
3594 61 1001 62 0 0
3595 59 1000 60 0 0
3596 61 999 62 0 0
3597 60 1000 60 0 0
3598 60 1001 61 0 0
3599 59 999 59 0 0
3600 60 1001 61 0 0
3601 61 1001 62 0 0
3602 60 1001 61 0 0
3603 61 1001 61 0 0
3604 60 1001 61 0 0
3605 60 1001 61 0 0
3606 59 1000 60 0 0
3607 62 1001 62 0 0
3608 62 1001 63 0 0
3609 60 1001 61 0 0
3610 61 1001 62 0 0
3611 62 1000 63 0 0
3612 60 1001 61 0 0
3613 62 1001 62 0 0
3614 58 1001 59 0 0
3615 61 1001 62 0 0
3616 61 1000 62 0 0
3617 60 1001 61 0 0
3618 61 1001 62 0 0
3619 58 1001 59 0 0
3620 62 1001 62 0 0
3621 59 1001 60 0 0
3622 61 1001 62 0 0
3623 62 1000 62 0 0
3624 60 1000 61 0 0
3625 60 1001 61 0 0
3626 61 1000 62 0 0
3627 61 1000 62 0 0
3628 60 1001 61 0 0
3629 61 1000 62 0 0
3630 61 1000 61 0 0
3631 61 1000 61 0 0
3632 59 1000 59 0 0
3633 62 1001 62 0 0
3634 62 1001 63 0 0
3635 60 1001 61 0 0
3636 60 1001 61 0 0
3637 58 1000 59 0 0
3638 62 1001 63 0 0
3639 62 1001 63 0 0
3640 59 1001 60 0 0
3641 63 1001 63 0 0
3642 62 1001 63 0 0
3643 61 1000 62 0 0
3644 61 1001 62 0 0
3645 58 1000 59 0 0
3646 61 1001 62 0 0
3647 62 1001 63 0 0
3648 61 1001 61 0 0
3649 62 1001 63 0 0
3650 61 1001 62 0 0
3651 61 1001 61 0 0
3652 62 1001 63 0 0
3653 59 1001 60 0 0
3654 61 1001 61 0 0
3655 62 1001 63 0 0
3656 60 1001 61 0 0
3657 62 1001 63 0 0
3658 63 1001 64 0 0
3659 63 1001 63 0 0
3660 62 1001 63 0 0
3661 60 1000 61 0 0
3662 62 1000 63 0 0
3663 63 1001 64 0 0
3664 62 1000 62 0 0
3665 62 1000 63 0 0
3666 61 1000 61 0 0
3667 62 1000 63 0 0
3668 62 1000 62 0 0
3669 60 1001 61 0 0
3670 62 1001 63 0 0
3671 60 1000 61 0 0
3672 61 1001 62 0 0
3673 63 1001 64 0 0
3674 63 1001 63 0 0
3675 67 1001 68 0 0
3676 72 1001 73 0 0
3677 74 1001 75 0 0
3678 77 1000 77 0 0
3679 77 1001 77 0 0
3680 81 1001 82 0 0
3681 76 1001 77 0 0
3682 75 1001 76 0 0
3683 77 1001 78 0 0
3684 78 1001 79 0 0
3685 77 1001 78 0 0
3686 78 1000 78 0 0
3687 81 1001 82 0 0
3688 76 1001 77 0 0
3689 77 1001 78 0 0
3690 77 1001 78 0 0
3691 78 1001 79 0 0
3692 77 1001 78 0 0
3693 79 1001 80 0 0
3694 80 1000 81 0 0
3695 81 1000 82 0 0
3696 77 1000 78 0 0
3697 76 1001 77 0 0
3698 78 1001 79 0 0
3699 78 1000 79 0 0
3700 79 1000 80 0 0
3701 77 1000 78 0 0
3702 75 1000 76 0 0
3703 76 1001 77 0 0
3704 77 1000 78 0 0
3705 77 1001 78 0 0
3706 77 1001 77 0 0
3707 76 1001 76 0 0
3708 69 1001 70 0 0
3709 77 1000 78 0 0
3710 83 1001 84 0 0
3711 76 1001 77 0 0
3712 75 1001 75 0 0
3713 77 1000 78 0 0
3714 78 1001 79 0 0
3715 78 1001 79 0 0
3716 76 1001 77 0 0
3717 73 1001 74 0 0
3718 71 1001 72 0 0
3719 74 1000 75 0 0
3720 73 1000 74 0 0
3721 75 1001 75 0 0
3722 72 1001 73 0 0
3723 71 1001 72 0 0
3724 70 1001 71 0 0
3725 70 1001 70 0 0
3726 65 1000 66 0 0
3727 67 1001 68 0 0
3728 71 1000 71 0 0
3729 64 1001 64 0 0
3730 60 1000 61 0 0
3731 64 1000 65 0 0
3732 64 1001 64 0 0
3733 63 1000 64 0 0
3734 63 1000 64 0 0
3735 60 1001 60 0 0
3736 64 1001 65 0 0
3737 64 1001 64 0 0
3738 62 1001 63 0 0
3739 63 1001 64 0 0
3740 65 1001 66 0 0
3741 61 1001 62 0 0
3742 64 1001 65 0 0
3743 61 1001 62 0 0
3744 62 1001 63 0 0
3745 61 1001 62 0 0
3746 59 1001 60 0 0
3747 63 1000 63 0 0
3748 59 1001 60 0 0
3749 63 1001 64 0 0
3750 62 1000 63 0 0
3751 64 1001 64 0 0
3752 64 1001 65 0 0
3753 61 1001 62 0 0
3754 62 1001 63 0 0
3755 63 1001 64 0 0
3756 62 1001 62 0 0
3757 67 1002 68 0 0
3758 58 1000 59 0 0
3759 59 1001 60 0 0
3760 61 1000 61 0 0
3761 57 1001 58 0 0
3762 63 1001 64 0 0
3763 60 1000 61 0 0
3764 60 1000 61 0 0
3765 62 1000 63 0 0
3766 60 1000 61 0 0
3767 61 1000 62 0 0
3768 61 1001 62 0 0
3769 63 1000 64 0 0
3770 59 1000 60 0 0
3771 60 1000 61 0 0
3772 59 1001 59 0 0
3773 56 1001 57 0 0
3774 62 1000 62 0 0
3775 61 1001 62 0 0
3776 60 1001 60 0 0
3777 61 1001 61 0 0
3778 63 1001 64 0 0
3779 57 1001 58 0 0
3780 55 1001 56 0 0
3781 61 1001 62 0 0
3782 60 1001 61 0 0
3783 59 1001 60 0 0
3784 59 1001 60 0 0
3785 62 1001 62 0 0
3786 55 1001 56 0 0
3787 56 1002 57 0 0
3788 56 1001 57 0 0
3789 56 1000 57 0 0
3790 56 1004 57 0 0
3791 52 991 52 0 0
3792 54 1007 55 0 0
3793 57 1005 58 0 0
3794 53 1001 54 0 0
3795 55 1001 56 0 0
3796 59 999 60 0 0
3797 54 999 55 0 0
3798 57 999 57 0 0
3799 50 990 51 0 0
3800 54 1000 54 0 0
3801 54 1000 55 0 0
3802 55 1000 56 0 0
3803 55 1003 56 0 0
3804 54 1000 55 0 0
3805 53 1007 54 0 0
3806 58 1006 59 0 0
3807 55 996 56 0 0
3808 54 1002 55 0 0
3809 59 999 60 0 0
3810 54 1008 56 0 0
3811 58 1005 59 0 0
3812 50 990 50 0 0
3813 53 1003 53 0 0
3814 57 1003 58 0 0
3815 52 1000 53 0 0
3816 56 1004 57 0 0
3817 49 991 50 0 0
3818 56 1007 57 0 0
3819 58 1005 59 0 0
3820 54 1001 55 0 0
3821 55 1000 56 0 0
3822 56 999 57 0 0
3823 57 1008 58 0 0
3824 58 1005 59 0 0
3825 48 992 49 0 0
3826 54 1003 55 0 0
3827 58 1003 59 0 0
3828 54 1000 55 0 0
3829 55 1004 56 0 0
3830 52 1001 53 0 0
3831 55 1007 56 0 0
3832 58 1005 59 0 0
3833 52 1000 53 0 0
3834 56 1000 56 0 0
3835 59 999 60 0 0
3836 54 999 55 0 0
3837 56 1000 57 0 0
3838 50 990 50 0 0
3839 52 1001 53 0 0
3840 54 1001 55 0 0
3841 56 1000 56 0 0
3842 53 1004 54 0 0
3843 55 1001 56 0 0
3844 56 1001 56 0 0
3845 54 1001 55 0 0
3846 54 1001 55 0 0
3847 53 1001 54 0 0
3848 56 1001 57 0 0
3849 56 1000 57 0 0
3850 53 1000 53 0 0
3851 56 1001 57 0 0
3852 56 1001 57 0 0
3853 55 1001 55 0 0
3854 54 1001 55 0 0
3855 54 1001 55 0 0
3856 54 1001 54 0 0
3857 54 1001 55 0 0
3858 52 1001 53 0 0
3859 55 1001 56 0 0
3860 55 1001 55 0 0
3861 54 1001 55 0 0
3862 55 1001 56 0 0
3863 52 1001 53 0 0
3864 54 1001 55 0 0
3865 53 1000 53 0 0
3866 55 1001 56 0 0
3867 52 1000 53 0 0
3868 55 1000 56 0 0
3869 55 1000 55 0 0
3870 53 1000 54 0 0
3871 54 1000 55 0 0
3872 53 1000 54 0 0
3873 55 1001 55 0 0
3874 52 999 53 0 0
3875 55 1001 56 0 0
3876 55 1001 56 0 0
3877 55 1001 55 0 0
3878 55 1000 55 0 0
3879 54 1001 54 0 0
3880 54 1001 55 0 0
3881 52 1001 53 0 0
3882 49 1001 50 0 0
3883 42 1001 43 0 0
3884 44 1002 45 0 0
3885 40 1001 40 0 0
3886 38 1000 39 0 0
3887 38 1001 38 0 0
3888 36 1001 37 0 0
3889 37 1001 38 0 0
3890 37 1001 38 0 0
3891 37 1000 38 0 0
3892 37 1001 38 0 0
3893 36 1000 37 0 0
3894 37 1001 38 0 0
3895 37 1001 38 0 0
3896 37 1000 38 0 0
3897 37 1001 38 0 0
3898 37 1001 38 0 0
3899 38 1000 39 0 0
3900 38 1000 39 0 0
3901 37 1001 37 0 0
3902 38 1000 39 0 0
3903 37 1001 37 0 0
3904 34 1000 35 0 0
3905 37 1000 38 0 0
3906 38 1001 38 0 0
3907 35 1000 36 0 0
3908 37 1001 38 0 0
3909 39 1001 40 0 0
3910 36 1001 36 0 0
3911 38 1001 38 0 0
3912 39 1001 40 0 0
3913 36 1001 37 0 0
3914 40 1001 41 0 0
3915 41 1000 41 0 0
3916 45 1001 46 0 0
3917 39 1000 40 0 0
3918 32 1001 33 0 0
3919 39 1001 40 0 0
3920 37 1001 38 0 0
3921 37 1001 38 0 0
3922 39 1000 40 0 0
3923 39 1001 40 0 0
3924 40 1001 41 0 0
3925 43 1002 44 0 0
3926 43 1001 44 0 0
3927 43 1001 44 0 0
3928 42 1001 43 0 0
3929 39 1001 40 0 0
3930 43 1001 44 0 0
3931 43 1001 43 0 0
3932 45 1001 45 0 0
3933 45 1001 46 0 0
3934 46 1000 47 0 0
3935 48 1000 49 0 0
3936 50 1000 51 0 0
3937 49 1001 50 0 0
3938 54 1000 55 0 0
3939 52 999 52 0 0
3940 52 1000 53 0 0
3941 55 1000 56 0 0
3942 53 1000 53 0 0
3943 53 1001 53 0 0
3944 58 1001 58 0 0
3945 51 1000 52 0 0
3946 53 1000 53 0 0
3947 56 1001 56 0 0
3948 53 1001 53 0 0
3949 50 1001 50 0 0
3950 56 1001 57 0 0
3951 54 1000 55 0 0
3952 55 1001 56 0 0
3953 56 1001 56 0 0
3954 51 1001 52 0 0
3955 57 1001 58 0 0
3956 57 1001 58 0 0
3957 55 1000 56 0 0
3958 55 1001 56 0 0
3959 53 1000 54 0 0
3960 55 1001 56 0 0
3961 57 1001 58 0 0
3962 58 1001 59 0 0
3963 54 1000 55 0 0
3964 59 1001 59 0 0
3965 53 1001 54 0 0
3966 55 1001 55 0 0
3967 56 1000 57 0 0
3968 52 1001 53 0 0
3969 57 1000 58 0 0
3970 54 1000 55 0 0
3971 57 1000 57 0 0
3972 58 1000 58 0 0
3973 58 1000 59 0 0
3974 54 1000 55 0 0
3975 52 1000 53 0 0
3976 57 1001 57 0 0
3977 57 1000 58 0 0
3978 58 1001 59 0 0
3979 54 1001 55 0 0
3980 54 1001 55 0 0
3981 55 1001 56 0 0
3982 57 1001 58 0 0
3983 59 1002 60 0 0
3984 54 1000 55 0 0
3985 52 1001 52 0 0
3986 58 1001 59 0 0
3987 55 1001 56 0 0
3988 57 1001 58 0 0
3989 57 1001 58 0 0
3990 60 1001 60 0 0
3991 55 1001 56 0 0
3992 53 1000 54 0 0
3993 58 1001 59 0 0
3994 59 1001 59 0 0
3995 57 1001 58 0 0
3996 59 1001 60 0 0
3997 58 1001 59 0 0
3998 60 1001 61 0 0
