0.019319766 259.000000000
0.038639532 259.000000000
0.057959298 259.000000000
0.077279064 258.000000000
0.096598830 258.000000000
0.115918596 258.000000000
0.135238362 258.000000000
0.154558128 258.000000000
0.173877894 258.000000000
0.193197660 258.000000000
0.212517426 259.000000000
0.231837192 258.000000000
0.251156958 258.000000000
0.270476724 259.000000000
0.289796490 258.000000000
0.309116256 259.000000000
0.328436022 258.000000000
0.347755788 258.000000000
0.367075554 258.000000000
0.386395320 259.000000000
0.405715086 259.000000000
0.425034852 259.000000000
0.444354618 258.000000000
0.463674384 259.000000000
0.482994150 259.000000000
0.502313916 258.000000000
0.521633682 259.000000000
0.540953448 259.000000000
0.560273214 259.000000000
0.579592980 259.000000000
0.598912746 259.000000000
0.618232512 258.000000000
0.637552278 258.000000000
0.656872044 259.000000000
0.676191810 259.000000000
0.695511576 258.000000000
0.714831342 259.000000000
0.734151108 259.000000000
0.753470874 258.000000000
0.772790640 259.000000000
0.792110406 259.000000000
0.811430172 258.000000000
0.830749938 258.000000000
0.850069704 259.000000000
0.869389470 258.000000000
0.888709236 259.000000000
0.908029002 258.000000000
0.927348768 259.000000000
0.946668534 259.000000000
0.965988300 259.000000000
0.985308066 260.000000000
1.004627832 266.000000000
1.023947598 263.000000000
1.043267364 262.000000000
1.062587130 261.000000000
1.081906896 261.000000000
1.101226662 125.000000000
1.120546428 250.000000000
1.139866194 254.000000000
1.159185960 256.000000000
1.178505726 256.000000000
1.197825492 256.000000000
1.217145258 284.000000000
1.236465024 262.000000000
1.255784790 261.000000000
1.275104556 260.000000000
1.294424322 260.000000000
1.313744088 105.000000000
1.333063854 251.000000000
1.352383620 254.000000000
1.371703386 255.000000000
1.391023152 256.000000000
1.410342918 256.000000000
1.429662684 231.000000000
1.448982450 263.000000000
1.468302216 261.000000000
1.487621982 260.000000000
1.506941748 260.000000000
1.526261514 260.000000000
1.545581280 229.000000000
1.564901046 253.000000000
1.584220812 255.000000000
1.603540578 256.000000000
1.622860344 256.000000000
1.642180110 703.000000000
1.661499876 262.000000000
1.680819642 260.000000000
1.700139408 260.000000000
1.719459174 260.000000000
1.738778940 260.000000000
1.758098706 288.000000000
1.777418472 252.000000000
1.796738238 254.000000000
1.816058004 255.000000000
1.835377770 256.000000000
1.854697536 256.000000000
1.874017302 286.000000000
1.893337068 261.000000000
1.912656834 260.000000000
1.931976600 260.000000000
1.951296366 259.000000000
1.970616132 -93.000000000
1.989935898 250.000000000
2.009255664 254.000000000
2.028575430 939.000000000
2.047895196 847.000000000
2.067214962 858.000000000
2.086534728 862.000000000
2.105854494 864.000000000
2.125174260 866.000000000
2.144494026 867.000000000
2.163813792 868.000000000
2.183133558 869.000000000
2.202453324 870.000000000
2.221773090 870.000000000
2.241092856 529.000000000
2.260412622 -296.000000000
2.279732388 -318.000000000
2.299052154 -327.000000000
2.318371920 -332.000000000
2.337691686 -336.000000000
2.357011452 -338.000000000
2.376331218 -340.000000000
2.395650984 -342.000000000
2.414970750 -343.000000000
2.434290516 -344.000000000
2.453610282 -345.000000000
2.472930048 790.000000000
2.492249814 838.000000000
2.511569580 847.000000000
2.530889346 852.000000000
2.550209112 855.000000000
2.569528878 857.000000000
2.588848644 858.000000000
2.608168410 859.000000000
2.627488176 861.000000000
2.646807942 862.000000000
2.666127708 862.000000000
2.685447474 -240.000000000
2.704767240 -308.000000000
2.724087006 -323.000000000
2.743406772 -330.000000000
2.762726538 -334.000000000
2.782046304 -337.000000000
2.801366070 -340.000000000
2.820685836 -341.000000000
2.840005602 -343.000000000
2.859325368 -344.000000000
2.878645134 -345.000000000
2.897964900 32.000000000
2.917284666 204.000000000
2.936604432 222.000000000
2.955924198 230.000000000
2.975243964 234.000000000
2.994563730 237.000000000
3.013883496 239.000000000
3.033203262 241.000000000
3.052523028 242.000000000
3.071842794 243.000000000
3.091162560 244.000000000
3.110482326 244.000000000
3.129802092 245.000000000
3.149121858 246.000000000
3.168441624 246.000000000
3.187761390 247.000000000
3.207081156 247.000000000
3.226400922 247.000000000
3.245720688 248.000000000
3.265040454 248.000000000
3.284360220 248.000000000
3.303679986 248.000000000
3.322999752 249.000000000
3.342319518 249.000000000
3.361639284 249.000000000
3.380959050 249.000000000
3.400278816 249.000000000
3.419598582 250.000000000
3.438918348 250.000000000
3.458238114 250.000000000
3.477557880 250.000000000
3.496877646 250.000000000
3.516197412 250.000000000
3.535517178 250.000000000
3.554836944 250.000000000
3.574156710 251.000000000
3.593476476 251.000000000
3.612796242 251.000000000
3.632116008 251.000000000
3.651435774 251.000000000
3.670755540 251.000000000
3.690075306 251.000000000
3.709395072 251.000000000
3.728714838 251.000000000
3.748034604 251.000000000
3.767354370 251.000000000
3.786674136 252.000000000
3.805993902 252.000000000
3.825313668 252.000000000
3.844633434 252.000000000
3.863953200 252.000000000
3.883272966 252.000000000
3.902592732 252.000000000
3.921912498 252.000000000
3.941232264 252.000000000
3.960552030 252.000000000
3.979871796 252.000000000
3.999191562 252.000000000
4.018511328 252.000000000
4.037831094 252.000000000
4.057150860 252.000000000
4.076470626 252.000000000
4.095790392 252.000000000
4.115110158 253.000000000
4.134429924 253.000000000
4.153749690 253.000000000
4.173069456 253.000000000
4.192389222 253.000000000
4.211708988 253.000000000
4.231028754 253.000000000
4.250348520 253.000000000
4.269668286 253.000000000
4.288988052 253.000000000
4.308307818 253.000000000
4.327627584 253.000000000
4.346947350 253.000000000
4.366267116 253.000000000
4.385586882 253.000000000
4.404906648 253.000000000
4.424226414 253.000000000
4.443546180 253.000000000
4.462865946 253.000000000
4.482185712 253.000000000
4.501505478 253.000000000
4.520825244 253.000000000
4.540145010 254.000000000
4.559464776 254.000000000
4.578784542 254.000000000
4.598104308 254.000000000
4.617424074 254.000000000
4.636743840 254.000000000
4.656063606 254.000000000
4.675383372 254.000000000
4.694703138 254.000000000
4.714022904 254.000000000
4.733342670 254.000000000
4.752662436 254.000000000
4.771982202 254.000000000
4.791301968 254.000000000
4.810621734 254.000000000
4.829941500 254.000000000
4.849261266 254.000000000
4.868581032 254.000000000
4.887900798 254.000000000
4.907220564 254.000000000
4.926540330 254.000000000
4.945860096 254.000000000
4.965179862 254.000000000
4.984499628 254.000000000
5.003819394 254.000000000
5.023139160 254.000000000
5.042458926 254.000000000
5.061778692 254.000000000
5.081098458 254.000000000
5.100418224 255.000000000
5.119737990 255.000000000
5.139057756 255.000000000
5.158377522 255.000000000
5.177697288 255.000000000
5.197017054 255.000000000
5.216336820 255.000000000
5.235656586 255.000000000
5.254976352 255.000000000
5.274296118 255.000000000
5.293615884 255.000000000
5.312935650 255.000000000
5.332255416 255.000000000
5.351575182 255.000000000
5.370894948 255.000000000
5.390214714 255.000000000
5.409534480 255.000000000
5.428854246 255.000000000
5.448174012 255.000000000
5.467493778 255.000000000
5.486813544 255.000000000
5.506133310 255.000000000
5.525453076 255.000000000
5.544772842 255.000000000
5.564092608 255.000000000
5.583412374 255.000000000
5.602732140 255.000000000
5.622051906 255.000000000
5.641371672 255.000000000
5.660691438 255.000000000
5.680011204 255.000000000
5.699330970 255.000000000
5.718650736 255.000000000
5.737970502 255.000000000
5.757290268 255.000000000
5.776610034 255.000000000
5.795929800 255.000000000
5.815249566 255.000000000
5.834569332 255.000000000
5.853889098 255.000000000
5.873208864 255.000000000
5.892528630 255.000000000
5.911848396 256.000000000
5.931168162 256.000000000
5.950487928 256.000000000
5.969807694 256.000000000
5.989127460 256.000000000
6.008447226 256.000000000
6.027766992 256.000000000
6.047086758 256.000000000
6.066406524 256.000000000
6.085726290 256.000000000
6.105046056 256.000000000
6.124365822 256.000000000
6.143685588 256.000000000
6.163005354 256.000000000
6.182325120 256.000000000
6.201644886 256.000000000
6.220964652 256.000000000
6.240284418 256.000000000
6.259604184 256.000000000
6.278923950 256.000000000
6.298243716 256.000000000
6.317563482 256.000000000
6.336883248 256.000000000
6.356203014 256.000000000
6.375522780 256.000000000
6.394842546 256.000000000
6.414162312 256.000000000
6.433482078 256.000000000
6.452801844 256.000000000
6.472121610 256.000000000
6.491441376 256.000000000
6.510761142 256.000000000
6.530080908 256.000000000
6.549400674 256.000000000
6.568720440 256.000000000
6.588040206 256.000000000
6.607359972 256.000000000
6.626679738 256.000000000
6.645999504 256.000000000
6.665319270 256.000000000
6.684639036 256.000000000
6.703958802 256.000000000
6.723278568 256.000000000
6.742598334 256.000000000
6.761918100 256.000000000
6.781237866 256.000000000
6.800557632 256.000000000
6.819877398 256.000000000
6.839197164 256.000000000
6.858516930 256.000000000
6.877836696 256.000000000
6.897156462 256.000000000
6.916476228 257.000000000
6.935795994 257.000000000
6.955115760 257.000000000
6.974435526 256.000000000
6.993755292 257.000000000
7.013075058 257.000000000
7.032394824 257.000000000
7.051714590 257.000000000
7.071034356 257.000000000
7.090354122 257.000000000
7.109673888 257.000000000
7.128993654 257.000000000
7.148313420 257.000000000
7.167633186 257.000000000
7.186952952 257.000000000
7.206272718 257.000000000
7.225592484 257.000000000
7.244912250 257.000000000
7.264232016 257.000000000
7.283551782 257.000000000
7.302871548 257.000000000
7.322191314 257.000000000
7.341511080 257.000000000
7.360830846 257.000000000
7.380150612 257.000000000
7.399470378 257.000000000
7.418790144 257.000000000
7.438109910 257.000000000
7.457429676 257.000000000
7.476749442 257.000000000
7.496069208 257.000000000
7.515388974 257.000000000
7.534708740 257.000000000
7.554028506 257.000000000
7.573348272 257.000000000
7.592668038 257.000000000
7.611987804 257.000000000
7.631307570 257.000000000
7.650627336 257.000000000
7.669947102 257.000000000
7.689266868 257.000000000
7.708586634 257.000000000
7.727906400 257.000000000
7.747226166 257.000000000
7.766545932 257.000000000
7.785865698 257.000000000
7.805185464 257.000000000
7.824505230 257.000000000
7.843824996 257.000000000
7.863144762 257.000000000
7.882464528 257.000000000
7.901784294 257.000000000
7.921104060 257.000000000
7.940423826 257.000000000
7.959743592 257.000000000
7.979063358 257.000000000
7.998383124 257.000000000
8.017702890 257.000000000
8.037022656 257.000000000
8.056342422 257.000000000
8.075662188 257.000000000
8.094981954 257.000000000
8.114301720 257.000000000
8.133621486 257.000000000
8.152941252 257.000000000
8.172261018 257.000000000
8.191580784 257.000000000
8.210900550 257.000000000
8.230220316 257.000000000
8.249540082 257.000000000
8.268859848 257.000000000
8.288179614 257.000000000
8.307499380 257.000000000
8.326819146 257.000000000
8.346138912 257.000000000
8.365458678 257.000000000
8.384778444 257.000000000
8.404098210 257.000000000
8.423417976 257.000000000
8.442737742 257.000000000
8.462057508 257.000000000
8.481377274 257.000000000
8.500697040 257.000000000
8.520016806 257.000000000
8.539336572 257.000000000
8.558656338 257.000000000
8.577976104 257.000000000
8.597295870 257.000000000
8.616615636 257.000000000
8.635935402 257.000000000
8.655255168 257.000000000
8.674574934 257.000000000
8.693894700 257.000000000
8.713214466 257.000000000
8.732534232 257.000000000
8.751853998 257.000000000
8.771173764 257.000000000
8.790493530 257.000000000
8.809813296 257.000000000
8.829133062 257.000000000
8.848452828 257.000000000
8.867772594 257.000000000
8.887092360 257.000000000
8.906412126 257.000000000
8.925731892 257.000000000
8.945051658 258.000000000
8.964371424 257.000000000
8.983691190 257.000000000
9.003010956 257.000000000
9.022330722 258.000000000
9.041650488 257.000000000
9.060970254 257.000000000
9.080290020 258.000000000
9.099609786 257.000000000
9.118929552 258.000000000
9.138249318 258.000000000
9.157569084 258.000000000
9.176888850 258.000000000
9.196208616 258.000000000
9.215528382 258.000000000
9.234848148 258.000000000
9.254167914 258.000000000
9.273487680 258.000000000
9.292807446 258.000000000
9.312127212 258.000000000
9.331446978 258.000000000
9.350766744 258.000000000
9.370086510 258.000000000
9.389406276 258.000000000
9.408726042 258.000000000
9.428045808 258.000000000
9.447365574 258.000000000
9.466685340 258.000000000
9.486005106 258.000000000
9.505324872 258.000000000
9.524644638 258.000000000
9.543964404 258.000000000
9.563284170 258.000000000
9.582603936 258.000000000
9.601923702 258.000000000
9.621243468 258.000000000
9.640563234 258.000000000
9.659883000 258.000000000
9.679202766 258.000000000
9.698522532 258.000000000
9.717842298 258.000000000
9.737162064 258.000000000
9.756481830 258.000000000
9.775801596 258.000000000
9.795121362 258.000000000
9.814441128 258.000000000
9.833760894 258.000000000
9.853080660 258.000000000
9.872400426 258.000000000
9.891720192 258.000000000
9.911039958 258.000000000
9.930359724 258.000000000
9.949679490 258.000000000
9.968999256 258.000000000
9.988319022 258.000000000
10.007638788 258.000000000
10.026958554 258.000000000
10.046278320 258.000000000
10.065598086 258.000000000
10.084917852 258.000000000
10.104237618 258.000000000
10.123557384 258.000000000
10.142877150 258.000000000
10.162196916 258.000000000
10.181516682 258.000000000
10.200836448 258.000000000
10.220156214 258.000000000
10.239475980 258.000000000
10.258795746 258.000000000
10.278115512 258.000000000
10.297435278 258.000000000
10.316755044 258.000000000
10.336074810 258.000000000
10.355394576 258.000000000
10.374714342 258.000000000
10.394034108 258.000000000
10.413353874 258.000000000
10.432673640 258.000000000
10.451993406 258.000000000
10.471313172 258.000000000
10.490632938 258.000000000
10.509952704 258.000000000
10.529272470 258.000000000
10.548592236 258.000000000
10.567912002 258.000000000
10.587231768 258.000000000
10.606551534 258.000000000
10.625871300 258.000000000
10.645191066 258.000000000
10.664510832 258.000000000
10.683830598 258.000000000
10.703150364 258.000000000
10.722470130 258.000000000
10.741789896 258.000000000
10.761109662 258.000000000
10.780429428 258.000000000
10.799749194 258.000000000
10.819068960 258.000000000
10.838388726 258.000000000
10.857708492 258.000000000
10.877028258 258.000000000
10.896348024 258.000000000
10.915667790 258.000000000
10.934987556 258.000000000
10.954307322 258.000000000
10.973627088 258.000000000
10.992946854 258.000000000
11.012266620 258.000000000
11.031586386 258.000000000
11.050906152 258.000000000
11.070225918 258.000000000
11.089545684 258.000000000
11.108865450 258.000000000
11.128185216 258.000000000
11.147504982 258.000000000
11.166824748 258.000000000
11.186144514 258.000000000
11.205464280 258.000000000
11.224784046 258.000000000
11.244103812 258.000000000
11.263423578 258.000000000
11.282743344 258.000000000
11.302063110 258.000000000
11.321382876 258.000000000
11.340702642 258.000000000
11.360022408 258.000000000
11.379342174 258.000000000
11.398661940 258.000000000
11.417981706 258.000000000
11.437301472 258.000000000
11.456621238 258.000000000
11.475941004 258.000000000
11.495260770 258.000000000
11.514580536 258.000000000
11.533900302 258.000000000
11.553220068 258.000000000
11.572539834 258.000000000
11.591859600 258.000000000
11.611179366 258.000000000
11.630499132 258.000000000
11.649818898 258.000000000
11.669138664 258.000000000
11.688458430 258.000000000
11.707778196 258.000000000
11.727097962 258.000000000
11.746417728 258.000000000
11.765737494 258.000000000
11.785057260 258.000000000
11.804377026 258.000000000
11.823696792 258.000000000
11.843016558 258.000000000
11.862336324 258.000000000
11.881656090 258.000000000
11.900975856 258.000000000
11.920295622 258.000000000
11.939615388 258.000000000
11.958935154 258.000000000
11.978254920 258.000000000
11.997574686 258.000000000
12.016894452 258.000000000
12.036214218 258.000000000
12.055533984 258.000000000
12.074853750 258.000000000
12.094173516 258.000000000
12.113493282 258.000000000
12.132813048 258.000000000
12.152132814 258.000000000
12.171452580 258.000000000
12.190772346 258.000000000
12.210092112 258.000000000
12.229411878 258.000000000
12.248731644 258.000000000
12.268051410 258.000000000
12.287371176 258.000000000
12.306690942 258.000000000
12.326010708 258.000000000
12.345330474 258.000000000
12.364650240 258.000000000
12.383970006 258.000000000
12.403289772 258.000000000
12.422609538 258.000000000
12.441929304 258.000000000
12.461249070 258.000000000
12.480568836 258.000000000
12.499888602 258.000000000
12.519208368 258.000000000
12.538528134 258.000000000
12.557847900 258.000000000
12.577167666 258.000000000
12.596487432 258.000000000
12.615807198 258.000000000
12.635126964 258.000000000
12.654446730 258.000000000
12.673766496 258.000000000
12.693086262 258.000000000
12.712406028 258.000000000
12.731725794 258.000000000
12.751045560 258.000000000
12.770365326 258.000000000
12.789685092 258.000000000
12.809004858 258.000000000
12.828324624 258.000000000
12.847644390 258.000000000
12.866964156 258.000000000
12.886283922 258.000000000
12.905603688 258.000000000
12.924923454 258.000000000
12.944243220 258.000000000
12.963562986 258.000000000
12.982882752 258.000000000
13.002202518 258.000000000
13.021522284 258.000000000
13.040842050 258.000000000
13.060161816 258.000000000
13.079481582 258.000000000
13.098801348 258.000000000
13.118121114 258.000000000
13.137440880 258.000000000
13.156760646 258.000000000
13.176080412 258.000000000
13.195400178 258.000000000
13.214719944 258.000000000
13.234039710 258.000000000
13.253359476 258.000000000
13.272679242 258.000000000
13.291999008 258.000000000
13.311318774 258.000000000
13.330638540 258.000000000
13.349958306 258.000000000
13.369278072 258.000000000
13.388597838 258.000000000
13.407917604 258.000000000
13.427237370 258.000000000
13.446557136 258.000000000
13.465876902 258.000000000
13.485196668 258.000000000
13.504516434 258.000000000
13.523836200 258.000000000
13.543155966 258.000000000
13.562475732 258.000000000
13.581795498 258.000000000
13.601115264 258.000000000
13.620435030 258.000000000
13.639754796 258.000000000
13.659074562 258.000000000
13.678394328 258.000000000
13.697714094 258.000000000
13.717033860 258.000000000
13.736353626 258.000000000
13.755673392 258.000000000
13.774993158 258.000000000
13.794312924 258.000000000
13.813632690 258.000000000
13.832952456 258.000000000
13.852272222 258.000000000
13.871591988 258.000000000
13.890911754 258.000000000
13.910231520 258.000000000
13.929551286 258.000000000
13.948871052 258.000000000
13.968190818 258.000000000
13.987510584 258.000000000
14.006830350 258.000000000
14.026150116 258.000000000
14.045469882 258.000000000
14.064789648 258.000000000
14.084109414 258.000000000
14.103429180 258.000000000
14.122748946 258.000000000
14.142068712 258.000000000
14.161388478 258.000000000
14.180708244 258.000000000
14.200028010 258.000000000
14.219347776 258.000000000
14.238667542 258.000000000
14.257987308 258.000000000
14.277307074 258.000000000
14.296626840 258.000000000
14.315946606 258.000000000
14.335266372 258.000000000
14.354586138 258.000000000
14.373905904 258.000000000
14.393225670 258.000000000
14.412545436 258.000000000
14.431865202 258.000000000
14.451184968 258.000000000
14.470504734 258.000000000
14.489824500 258.000000000
14.509144266 258.000000000
14.528464032 258.000000000
14.547783798 258.000000000
14.567103564 258.000000000
14.586423330 258.000000000
14.605743096 258.000000000
14.625062862 258.000000000
14.644382628 258.000000000
14.663702394 258.000000000
14.683022160 258.000000000
14.702341926 258.000000000
14.721661692 258.000000000
14.740981458 258.000000000
14.760301224 258.000000000
14.779620990 258.000000000
14.798940756 258.000000000
14.818260522 258.000000000
14.837580288 258.000000000
14.856900054 258.000000000
14.876219820 258.000000000
14.895539586 258.000000000
14.914859352 258.000000000
14.934179118 258.000000000
14.953498884 258.000000000
14.972818650 258.000000000
14.992138416 258.000000000
15.011458182 258.000000000
15.030777948 258.000000000
15.050097714 258.000000000
15.069417480 258.000000000
15.088737246 258.000000000
15.108057012 258.000000000
15.127376778 258.000000000
15.146696544 258.000000000
15.166016310 258.000000000
15.185336076 258.000000000
15.204655842 258.000000000
15.223975608 258.000000000
15.243295374 258.000000000
15.262615140 258.000000000
15.281934906 258.000000000
15.301254672 258.000000000
15.320574438 258.000000000
15.339894204 258.000000000
15.359213970 258.000000000
15.378533736 258.000000000
15.397853502 258.000000000
15.417173268 258.000000000
15.436493034 258.000000000
15.455812800 258.000000000
15.475132566 258.000000000
15.494452332 258.000000000
15.513772098 258.000000000
15.533091864 258.000000000
15.552411630 258.000000000
15.571731396 258.000000000
15.591051162 258.000000000
15.610370928 258.000000000
15.629690694 258.000000000
15.649010460 258.000000000
15.668330226 258.000000000
15.687649992 258.000000000
15.706969758 258.000000000
15.726289524 258.000000000
15.745609290 258.000000000
15.764929056 258.000000000
15.784248822 258.000000000
15.803568588 258.000000000
15.822888354 258.000000000
15.842208120 258.000000000
15.861527886 258.000000000
15.880847652 258.000000000
15.900167418 258.000000000
15.919487184 258.000000000
15.938806950 258.000000000
15.958126716 258.000000000
15.977446482 258.000000000
15.996766248 258.000000000
16.016086014 258.000000000
16.035405780 258.000000000
16.054725546 258.000000000
16.074045312 258.000000000
16.093365078 258.000000000
16.112684844 258.000000000
16.132004610 258.000000000
16.151324376 258.000000000
16.170644142 258.000000000
16.189963908 258.000000000
16.209283674 258.000000000
16.228603440 258.000000000
16.247923206 258.000000000
16.267242972 258.000000000
16.286562738 258.000000000
16.305882504 258.000000000
16.325202270 258.000000000
16.344522036 258.000000000
16.363841802 258.000000000
16.383161568 258.000000000
16.402481334 258.000000000
16.421801100 258.000000000
16.441120866 258.000000000
16.460440632 258.000000000
16.479760398 258.000000000
16.499080164 258.000000000
16.518399930 258.000000000
16.537719696 258.000000000
16.557039462 258.000000000
16.576359228 258.000000000
16.595678994 258.000000000
16.614998760 258.000000000
16.634318526 258.000000000
16.653638292 258.000000000
16.672958058 258.000000000
16.692277824 258.000000000
16.711597590 258.000000000
16.730917356 258.000000000
16.750237122 258.000000000
16.769556888 258.000000000
16.788876654 258.000000000
16.808196420 258.000000000
16.827516186 258.000000000
16.846835952 258.000000000
16.866155718 258.000000000
16.885475484 258.000000000
16.904795250 258.000000000
16.924115016 258.000000000
16.943434782 258.000000000
16.962754548 258.000000000
16.982074314 258.000000000
17.001394080 258.000000000
17.020713846 258.000000000
17.040033612 258.000000000
17.059353378 258.000000000
17.078673144 258.000000000
17.097992910 258.000000000
17.117312676 258.000000000
17.136632442 258.000000000
17.155952208 258.000000000
17.175271974 258.000000000
17.194591740 258.000000000
17.213911506 258.000000000
17.233231272 258.000000000
17.252551038 258.000000000
17.271870804 258.000000000
17.291190570 258.000000000
17.310510336 258.000000000
17.329830102 258.000000000
17.349149868 258.000000000
17.368469634 258.000000000
17.387789400 258.000000000
17.407109166 258.000000000
17.426428932 258.000000000
17.445748698 258.000000000
17.465068464 258.000000000
17.484388230 258.000000000
17.503707996 258.000000000
17.523027762 258.000000000
17.542347528 258.000000000
17.561667294 258.000000000
17.580987060 258.000000000
17.600306826 258.000000000
17.619626592 258.000000000
17.638946358 258.000000000
17.658266124 258.000000000
17.677585890 258.000000000
17.696905656 258.000000000
17.716225422 258.000000000
17.735545188 258.000000000
17.754864954 258.000000000
17.774184720 258.000000000
17.793504486 258.000000000
17.812824252 258.000000000
17.832144018 258.000000000
17.851463784 258.000000000
17.870783550 258.000000000
17.890103316 258.000000000
17.909423082 258.000000000
17.928742848 258.000000000
17.948062614 258.000000000
17.967382380 258.000000000
17.986702146 258.000000000
18.006021912 258.000000000
18.025341678 258.000000000
18.044661444 258.000000000
18.063981210 258.000000000
18.083300976 258.000000000
18.102620742 258.000000000
18.121940508 258.000000000
18.141260274 258.000000000
18.160580040 258.000000000
18.179899806 258.000000000
18.199219572 258.000000000
18.218539338 258.000000000
18.237859104 258.000000000
18.257178870 258.000000000
18.276498636 258.000000000
18.295818402 258.000000000
18.315138168 258.000000000
18.334457934 258.000000000
18.353777700 258.000000000
18.373097466 258.000000000
18.392417232 258.000000000
18.411736998 258.000000000
18.431056764 258.000000000
18.450376530 258.000000000
18.469696296 258.000000000
18.489016062 258.000000000
18.508335828 258.000000000
18.527655594 258.000000000
18.546975360 258.000000000
18.566295126 258.000000000
18.585614892 258.000000000
18.604934658 258.000000000
18.624254424 258.000000000
18.643574190 258.000000000
18.662893956 258.000000000
18.682213722 258.000000000
18.701533488 258.000000000
18.720853254 258.000000000
18.740173020 258.000000000
18.759492786 258.000000000
18.778812552 258.000000000
18.798132318 258.000000000
18.817452084 258.000000000
18.836771850 258.000000000
18.856091616 258.000000000
18.875411382 258.000000000
18.894731148 258.000000000
18.914050914 258.000000000
18.933370680 258.000000000
18.952690446 258.000000000
18.972010212 258.000000000
18.991329978 258.000000000
19.010649744 258.000000000
19.029969510 258.000000000
19.049289276 258.000000000
19.068609042 258.000000000
19.087928808 258.000000000
19.107248574 258.000000000
19.126568340 258.000000000
19.145888106 258.000000000
19.165207872 258.000000000
19.184527638 258.000000000
19.203847404 258.000000000
19.223167170 258.000000000
19.242486936 258.000000000
19.261806702 258.000000000
19.281126468 258.000000000
19.300446234 258.000000000
19.319766000 258.000000000
